Lhat (recomputed) = 0.000214998   TS = 2 n Lhat = 13.8596   n = 32232
row  mean          se            t
  0  0.0194981  0.032764  0.595106
  1  0.0382427  0.00330483  11.5718
  2  -0.107087  0.322396  -0.332159
  3  7.88084  0.12244  64.3651
  4  1.10479  0.58718  1.88151
  5  -0.190884  0.0241734  -7.89645
  6  1912.75  519.786  3.67988
  7  -0.199579  0.0105014  -19.0051
  8  -0.0335798  0.00310399  -10.8183
eigen k  w_k           kept  contrib_to_Lhat  loading_on_last_row  top_row(|loading|)
  8  8.70836e+09  yes   0.000210063  -1.64147e-06  6(1)
  7  14237.7  yes   4.56664e-06  -0.000527537  4(0.878215)
  6  654.369  yes   3.68063e-07  -0.00651485  2(0.890241)
  5  87.0836  NO    0  -0.0107564  3(0.972337)
  4  18.9515  NO    0  -0.0210824  5(0.911522)
  3  2.53074  NO    0  0.247331  0(0.847498)
  2  0.359609  NO    0  -0.0597759  7(0.892819)
  1  0.167086  NO    0  0.669316  8(0.669316)
  0  0.0121231  NO    0  -0.697616  1(0.715545)
(tilted u/x/omega summaries need qform=exp_scale)
