== TAU build (must give TS 1825.39)
Lhat (recomputed) = 0.0291344   TS = 2 n Lhat = 1825.39   n = 31327
row  mean          se            t
  0  -1.36384  0.0545466  -25.0033
  1  0.26758  0.00841033  31.8157
  2  5.6025  0.274843  20.3844
  3  5.60186  0.285665  19.6099
  4  -31.8704  1.80358  -17.6707
  5  -0.76929  0.0380185  -20.2346
  6  -15.7699  0.659266  -23.9205
  7  -0.839366  0.0351052  -23.91
  8  -0.0299987  0.00111194  -26.9787
  9  3.67225  0.146264  25.107
== YEAR_FE build, d0yr=0, gamma11..20=0
Lhat (recomputed) = 0.0298546   TS = 2 n Lhat = 1870.51   n = 31327
row  mean          se            t
  0  -1.36384  0.0545466  -25.0033
  1  0.26758  0.00841033  31.8157
  2  5.6025  0.274843  20.3844
  3  5.60186  0.285665  19.6099
  4  -31.8704  1.80358  -17.6707
  5  -0.76929  0.0380185  -20.2346
  6  -15.7699  0.659266  -23.9205
  7  -0.839366  0.0351052  -23.91
  8  -0.0299987  0.00111194  -26.9787
  9  3.67225  0.146264  25.107
  10  -0.276966  0.0223115  -12.4136
  11  -0.140932  0.0167918  -8.39292
  12  -0.12089  0.0168476  -7.17548
  13  -0.107243  0.0164346  -6.52542
  14  -0.0792731  0.0132328  -5.99065
  15  -0.0847691  0.0142939  -5.93046
  16  -0.0873633  0.0163838  -5.33228
  17  -0.0415304  0.0107172  -3.87511
  18  -0.0655816  0.0131995  -4.9685
  19  -0.0417922  0.0113094  -3.69536
