Lhat (recomputed) = 0.0290733   TS = 2 n Lhat = 1821.56   n = 31327
row  mean          se            t
  0  -1.24242  0.0523401  -23.7374
  1  0.238811  0.00797809  29.9333
  2  4.90545  0.270458  18.1376
  3  5.03146  0.277981  18.1
  4  -30.098  1.77095  -16.9954
  5  -0.723525  0.0372826  -19.4065
  6  -14.3183  0.638102  -22.4389
  7  -0.760575  0.0338195  -22.4892
  8  -0.0292408  0.00117959  -24.7889
  9  3.34611  0.140859  23.755
  10  -0.159821  0.018099  -8.83039
  11  -0.0890502  0.0143243  -6.21671
  12  -0.116113  0.0165365  -7.02165
  13  -0.109094  0.0167623  -6.50829
  14  -0.085994  0.013283  -6.47397
  15  -0.0463243  0.0124698  -3.71491
  16  -0.195866  0.0190134  -10.3015
  17  -0.0523363  0.010775  -4.8572
  18  -0.0652198  0.0128362  -5.08094
  19  -0.0365564  0.0112353  -3.25372
eigen k  w_k           kept  contrib_to_Lhat  loading_on_last_row  top_row(|loading|)
