===== k=0.3 kappa=0.5; fit file TS=588.83  s_hat= 0.219
Lhat (recomputed) = 0.00939806   TS = 2 n Lhat = 588.826   n = 31327
row  mean          se            t
  0  -0.115759  0.0181353  -6.38308
  1  0.0387974  0.0040902  9.48544
  2  0.326822  0.0855317  3.82106
  3  0.648574  0.115618  5.60965
  4  -4.49635  0.889438  -5.05527
  5  -0.380628  0.0242236  -15.7131
  6  -1.3793  0.218378  -6.31613
  7  -0.306823  0.0190657  -16.0929
  8  0.00877736  0.00196891  4.45797
  9  0.329437  0.0436219  7.5521
  10  0.00225788  0.00135155  1.67058
  11  0.00745287  0.0014918  4.99588
gamma: 2.8639 -1.50313 -0.767859 1.34703 0.00416328 -0.526324 -0.000506707 2.35961e-05 -3.06532 -0.865349 0.0334256 0.000309515
Omega: row sd (per firm) 3.20985 0.723943 15.1386 20.4637 157.426 4.28745 38.6517 3.37452 0.348486 7.72082 0.239217 0.264041
Omega as correlation matrix (rows/cols 0..11):
  0:  1.000 -0.548 -0.627 -0.919  0.829  0.254  0.961  0.678 -0.862 -0.922  0.021 -0.881
  1: -0.548  1.000  0.325  0.498 -0.405  0.103 -0.526 -0.526  0.654  0.462  0.059  0.598
  2: -0.627  0.325  1.000  0.874 -0.905 -0.298 -0.811 -0.507  0.514  0.686 -0.045  0.488
  3: -0.919  0.498  0.874  1.000 -0.953 -0.291 -0.987 -0.663  0.787  0.909 -0.037  0.788
  4:  0.829 -0.405 -0.905 -0.953  1.000  0.312  0.925  0.603 -0.638 -0.905  0.023 -0.642
  5:  0.254  0.103 -0.298 -0.291  0.312  1.000  0.289  0.750 -0.009 -0.262 -0.017 -0.086
  6:  0.961 -0.526 -0.811 -0.987  0.925  0.289  1.000  0.683 -0.832 -0.918  0.033 -0.844
  7:  0.678 -0.526 -0.507 -0.663  0.603  0.750  0.683  1.000 -0.513 -0.623 -0.024 -0.560
  8: -0.862  0.654  0.514  0.787 -0.638 -0.009 -0.832 -0.513  1.000  0.730 -0.041  0.949
  9: -0.922  0.462  0.686  0.909 -0.905 -0.262 -0.918 -0.623  0.730  1.000 -0.027  0.757
  10:  0.021  0.059 -0.045 -0.037  0.023 -0.017  0.033 -0.024 -0.041 -0.027  1.000 -0.038
  11: -0.881  0.598  0.488  0.788 -0.642 -0.086 -0.844 -0.560  0.949  0.757 -0.038  1.000
eigen k  w_k           kept  contrib_to_Lhat  loading_on_last_row  top_row(|loading|)
  11  26705.8  yes   0.000424769  0.00106147  4(0.963032)
  10  242.412  yes   0.000298003  -0.0109283  6(0.888268)
  9  47.6091  yes   4.54677e-05  -0.00384945  2(0.903329)
  8  21.0335  yes   0.00391752  -0.00632453  5(0.877863)
  7  4.24946  yes   0.000222111  -0.0026241  3(0.666938)
  6  2.05447  yes   0.000314357  -0.00463535  9(0.5819)
  5  1.72929  yes   0.00143182  0.0126463  7(0.65407)
  4  0.0833061  yes   1.49752e-05  0.108918  0(0.957137)
  3  0.0613962  yes   0.00157383  -0.0589322  10(0.678142)
  2  0.0515961  yes   0.000932581  -0.0770624  10(0.728388)
  1  0.0197475  yes   0.000156601  -0.507898  8(0.827886)
  0  0.00302326  yes   6.60266e-05  0.848765  11(0.848765)
interior firms: 12050
  tilted u      : mean of firm means 0.271061, sd across firms 0.9486
  tilted x=e/Mb : mean 0.0913454, sd 0.169286
  tilted ln B   : mean -3.50897, sd 5.16776
  omega at M=M* : mean 3.48788, sd 0.835149
  tilted omega  : mean 3.30743, sd across firms 1.00848, mean within-firm sd 0.105978
  cor with ln tau_P: omega(M*) -0.0776494, tilted omega -0.0459452, tilted ln B 0.0975753, tilted u -0.0259839
  var(ln tau_P) 0.497772
===== k=1 kappa=0.4; fit file TS=615.61  s_hat= 0.198
Lhat (recomputed) = 0.00982551   TS = 2 n Lhat = 615.608   n = 31327
row  mean          se            t
  0  -0.164086  0.0189736  -8.64811
  1  0.0584545  0.00447658  13.0578
  2  0.321458  0.0627228  5.12505
  3  0.831425  0.100896  8.24043
  4  -4.52249  0.608758  -7.42905
  5  -0.33873  0.0240518  -14.0833
  6  -1.78745  0.204718  -8.73126
  7  -0.334652  0.0202473  -16.5283
  8  0.00714111  0.00110139  6.48371
  9  0.394948  0.0389325  10.1444
  10  0.00169108  0.00126567  1.33612
  11  0.00924948  0.00152429  6.06806
gamma: 1.69759 -1.25408 -0.757308 1.31222 0.00470366 -0.490702 -0.000455374 7.73831e-06 -6.34423 -1.2078 0.0456975 -0.0207545
Omega: row sd (per firm) 3.35822 0.79233 11.1016 17.858 107.747 4.25704 36.234 3.58365 0.19494 6.89084 0.224016 0.269791
Omega as correlation matrix (rows/cols 0..11):
  0:  1.000 -0.619 -0.577 -0.941  0.883  0.207  0.975  0.675 -0.869 -0.933  0.031 -0.835
  1: -0.619  1.000  0.347  0.578 -0.506  0.035 -0.607 -0.615  0.626  0.547  0.033  0.595
  2: -0.577  0.347  1.000  0.800 -0.818 -0.264 -0.727 -0.470  0.405  0.520 -0.064  0.367
  3: -0.941  0.578  0.800  1.000 -0.962 -0.240 -0.986 -0.667  0.795  0.890 -0.051  0.759
  4:  0.883 -0.506 -0.818 -0.962  1.000  0.261  0.937  0.625 -0.683 -0.878  0.031 -0.648
  5:  0.207  0.035 -0.264 -0.240  0.261  1.000  0.235  0.724 -0.056 -0.186 -0.067 -0.059
  6:  0.975 -0.607 -0.727 -0.986  0.937  0.235  1.000  0.684 -0.846 -0.905  0.044 -0.811
  7:  0.675 -0.615 -0.470 -0.667  0.625  0.724  0.684  1.000 -0.561 -0.616 -0.052 -0.544
  8: -0.869  0.626  0.405  0.795 -0.683 -0.056 -0.846 -0.561  1.000  0.785 -0.050  0.993
  9: -0.933  0.547  0.520  0.890 -0.878 -0.186 -0.905 -0.616  0.785  1.000 -0.035  0.761
  10:  0.031  0.033 -0.064 -0.051  0.031 -0.067  0.044 -0.052 -0.050 -0.035  1.000 -0.047
  11: -0.835  0.595  0.367  0.759 -0.648 -0.059 -0.811 -0.544  0.993  0.761 -0.047  1.000
eigen k  w_k           kept  contrib_to_Lhat  loading_on_last_row  top_row(|loading|)
  11  13212.1  yes   0.000930096  0.0015708  4(0.936657)
  10  167.443  yes   0.000411542  -0.0119383  6(0.872165)
  9  45.0486  yes   2.38344e-06  -0.00534071  2(0.899522)
  8  21.7594  yes   0.00300971  0.00400945  5(0.860868)
  7  4.21532  yes   0.000609056  -0.000173492  9(0.734553)
  6  2.25613  yes   4.07596e-05  -0.0120736  7(0.522652)
  5  1.88812  yes   0.0010554  -0.00166823  7(0.592178)
  4  0.123095  yes   1.26362e-05  0.12431  0(0.961537)
  3  0.056746  yes   0.00324131  -0.0355664  1(0.858643)
  2  0.0479401  yes   0.000237544  -0.0192773  10(0.958915)
  1  0.0175281  yes   0.000252945  0.837944  11(0.837944)
  0  0.000194741  yes   2.21357e-05  0.529549  8(0.8482)
interior firms: 12050
  tilted u      : mean of firm means 0.322165, sd across firms 1.05796
  tilted x=e/Mb : mean 0.0926002, sd 0.168306
  tilted ln B   : mean -2.94395, sd 4.96931
  omega at M=M* : mean 3.48788, sd 0.835149
  tilted omega  : mean 3.27381, sd across firms 1.08458, mean within-firm sd 0.123714
  cor with ln tau_P: omega(M*) -0.0776494, tilted omega -0.0576696, tilted ln B 0.128686, tilted u -0.00013844
  var(ln tau_P) 0.497772
