===== seed 20260829
Lhat (recomputed) = 0.0091096   TS = 2 n Lhat = 570.753   n = 31327
row  mean          se            t
  0  -0.112922  0.018355  -6.1521
  1  0.040197  0.0040458  9.93549
  2  0.341845  0.0868584  3.93565
  3  0.646857  0.117622  5.49945
  4  -4.62783  0.903752  -5.12069
  5  -0.348866  0.0241813  -14.4271
  6  -1.37664  0.221216  -6.22303
  7  -0.29135  0.0190073  -15.3283
  8  0.00896797  0.00193963  4.62356
  9  0.339723  0.0448609  7.57281
  10  0.00163495  0.00134474  1.21581
  11  0.00726595  0.00141192  5.14617
gamma: 2.96013 -1.50403 -0.768718 1.34153 0.00420684 -0.516677 -0.000582246 7.40998e-05 -3.41661 -0.794602 0.538399 0.00150383
Omega: row sd (per firm) 3.24873 0.716083 15.3735 20.8184 159.959 4.27996 39.154 3.36419 0.343303 7.94012 0.238012 0.249901
Omega as correlation matrix (rows/cols 0..11):
eigen k  w_k           kept  contrib_to_Lhat  loading_on_last_row  top_row(|loading|)
  11  27569  yes   0.000433706  0.000982514  4(0.963099)
  10  242.123  yes   0.00024301  -0.0102685  6(0.885962)
  9  52.9672  yes   4.5199e-05  -0.00356818  2(0.900737)
  8  20.912  yes   0.00328595  -0.00597565  5(0.879378)
  7  4.53972  yes   0.000195734  -0.00181822  3(0.66315)
  6  2.20685  yes   0.000755568  -0.00283642  9(0.637407)
  5  1.74869  yes   0.00136891  0.0118198  7(0.743943)
  4  0.078345  yes   3.74229e-05  0.112374  0(0.957106)
  3  0.060703  yes   0.00148844  -0.0517093  10(0.706253)
  2  0.0504541  yes   0.00109947  -0.0781639  10(0.698111)
  1  0.0189589  yes   0.000130026  0.49457  8(0.833638)
  0  0.00342355  yes   2.61737e-05  0.856553  11(0.856553)
interior firms: 12050
===== seed 20260831
Lhat (recomputed) = 0.0116092   TS = 2 n Lhat = 727.36   n = 31327
row  mean          se            t
  0  -0.0905484  0.0161895  -5.59304
  1  0.0392838  0.00393539  9.98218
  2  0.259565  0.0813994  3.18879
  3  0.511472  0.108424  4.71731
  4  -3.84188  0.929941  -4.13131
  5  -0.34597  0.0237381  -14.5745
  6  -1.09651  0.195675  -5.60375
  7  -0.282557  0.0180433  -15.66
  8  0.0065906  0.00172241  3.82638
  9  0.289736  0.039661  7.30533
  10  0.00172231  0.00134551  1.28004
  11  0.00504177  0.00116846  4.31489
gamma: 2.96013 -1.50403 -0.768718 1.34153 0.00420684 -0.516677 -0.000582246 7.40998e-05 -3.41661 -0.794602 0.538399 0.00150383
Omega: row sd (per firm) 2.86545 0.696542 14.4072 19.1905 164.594 4.20152 34.6334 3.19356 0.304857 7.01976 0.238148 0.206811
Omega as correlation matrix (rows/cols 0..11):
eigen k  w_k           kept  contrib_to_Lhat  loading_on_last_row  top_row(|loading|)
  11  28639.6  yes   0.000284095  0.000726866  4(0.972396)
  10  235.706  yes   0.000317139  -0.00887402  6(0.887889)
  9  49.9536  yes   4.49899e-05  -0.00409822  2(0.89826)
  8  20.9836  yes   0.00348833  -0.00625586  5(0.874948)
  7  3.00484  yes   0.000838925  -0.00232711  9(0.900909)
  6  1.9118  yes   0.000360037  0.0136747  7(0.798401)
  5  1.28004  yes   0.00182559  -0.00780811  3(0.821729)
  4  0.0672341  yes   1.23876e-06  0.117117  0(0.74991)
  3  0.0567059  yes   0.00238506  -0.125562  10(0.637237)
  2  0.0497968  yes   0.00157398  0.0830168  1(0.669334)
  1  0.0174957  yes   0.000350293  -0.420364  8(0.863551)
  0  0.00218035  yes   0.00013947  0.886866  11(0.886866)
interior firms: 12050
