===== drop 6
Lhat (recomputed) = 0.00832178   TS = 2 n Lhat = 521.393   n = 31327
row  mean          se            t
  0  -0.107261  0.017857  -6.00668
  1  0.0339259  0.00397725  8.52999
  2  0.273355  0.0835134  3.27319
  3  0.603599  0.113212  5.33158
  4  -4.36118  0.875151  -4.98335
  5  -0.38339  0.0238632  -16.0662
  6  0  0  0
  7  -0.3049  0.0184858  -16.4938
  8  0.00618571  0.00188071  3.28903
  9  0.327833  0.0441906  7.41863
  10  0.00240341  0.00130482  1.84194
  11  0.00546243  0.00133056  4.10536
gamma: 2.86398 -1.52351 -0.776382 1.32806 0.00439469 -0.529042 -0.00203358 0.000141621 -4.00801 -0.767197 0.548711 0.00332
Omega: row sd (per firm) 3.16059 0.703951 14.7814 20.0379 154.897 4.22365 0 3.27187 0.332875 7.82148 0.230946 0.235501
Omega as correlation matrix (rows/cols 0..11):
  0:  1.000 -0.533 -0.564 -0.906  0.820  0.228  0.000  0.664 -0.845 -0.923  0.015 -0.863
  1: -0.533  1.000  0.298  0.489 -0.391  0.138  0.000 -0.509  0.652  0.450  0.063  0.591
  2: -0.564  0.298  1.000  0.850 -0.876 -0.259  0.000 -0.462  0.466  0.629 -0.047  0.409
  3: -0.906  0.489  0.850  1.000 -0.948 -0.260  0.000 -0.645  0.774  0.895 -0.035  0.763
  4:  0.820 -0.391 -0.876 -0.948  1.000  0.288  0.000  0.587 -0.616 -0.896  0.020 -0.606
  5:  0.228  0.138 -0.259 -0.260  0.288  1.000  0.000  0.740  0.036 -0.241 -0.012 -0.037
  6:  0.000  0.000  0.000  0.000  0.000  0.000  0.000  0.000  0.000  0.000  0.000  0.000
  7:  0.664 -0.509 -0.462 -0.645  0.587  0.740  0.000  1.000 -0.487 -0.611 -0.024 -0.531
  8: -0.845  0.652  0.466  0.774 -0.616  0.036  0.000 -0.487  1.000  0.715 -0.035  0.941
  9: -0.923  0.450  0.629  0.895 -0.896 -0.241  0.000 -0.611  0.715  1.000 -0.022  0.740
  10:  0.015  0.063 -0.047 -0.035  0.020 -0.012  0.000 -0.024 -0.035 -0.022  1.000 -0.033
  11: -0.863  0.591  0.409  0.763 -0.606 -0.037  0.000 -0.531  0.941  0.740 -0.033  1.000
eigen k  w_k           kept  contrib_to_Lhat  loading_on_last_row  top_row(|loading|)
  11  24583.5  yes   0.000398693  0.000913951  4(0.987895)
  10  59.1596  yes   0.000189099  0.00910426  2(0.914192)
  9  45.0642  yes   0.000189327  -0.020979  3(0.933234)
  8  20.6845  yes   0.00409859  -0.00707726  5(0.880239)
  7  2.9125  yes   0.000756342  -0.0119321  9(0.900405)
  6  1.75786  yes   0.000840905  0.010472  7(0.785549)
  5  0.200251  yes   4.76311e-06  0.00824783  0(0.959109)
  4  0.0578816  yes   0.00117379  0.0177048  1(0.671713)
  3  0.0483264  yes   0.000614454  -0.0609674  10(0.743237)
  2  0.0208211  yes   2.77047e-05  0.536822  8(0.815017)
  1  0.00330168  yes   2.8113e-05  0.840772  11(0.840772)
  0  -7.57773e-16  NO    0  0  6(1)
interior firms: 12050
  tilted u      : mean of firm means 0.258397, sd across firms 0.909394
  tilted x=e/Mb : mean 0.0929626, sd 0.17326
  tilted ln B   : mean -3.28692, sd 5.00057
  omega at M=M* : mean 3.48788, sd 0.835149
  tilted omega  : mean 3.31575, sd across firms 0.998769, mean within-firm sd 0.103655
  cor with ln tau_P: omega(M*) -0.0776494, tilted omega -0.0511927, tilted ln B 0.0786527, tilted u -0.0203453
  var(ln tau_P) 0.497772
===== drop 8,2
Lhat (recomputed) = 0.0100019   TS = 2 n Lhat = 626.658   n = 31327
row  mean          se            t
  0  -0.14835  0.0212107  -6.99409
  1  0.0277825  0.0041693  6.6636
  2  0  0  0
  3  0.958025  0.146601  6.5349
  4  -7.62402  1.10039  -6.92847
  5  -0.546596  0.0281804  -19.3963
  6  -2.16659  0.297266  -7.28841
  7  -0.365612  0.0219918  -16.6249
  8  0  0  0
  9  0.460373  0.0525806  8.75557
  10  0.00839341  0.00140191  5.98713
  11  0.00775396  0.00138094  5.61499
gamma: 2.26568 -2.80312 -2.9104 0.519237 0.0053664 -0.818307 -0.00117822 0.000122388 -2.37802 -0.291301 0.089218 0.00340113
Omega: row sd (per firm) 3.75418 0.737943 0 25.9476 194.763 4.98776 52.6143 3.89243 0 9.30648 0.24813 0.244418
Omega as correlation matrix (rows/cols 0..11):
  0:  1.000 -0.625  0.000 -0.955  0.919  0.574  0.981  0.788  0.000 -0.953  0.029 -0.890
  1: -0.625  1.000  0.000  0.608 -0.550 -0.165 -0.629 -0.598  0.000  0.571  0.032  0.650
  2:  0.000  0.000  0.000  0.000  0.000  0.000  0.000  0.000  0.000  0.000  0.000  0.000
  3: -0.955  0.608  0.000  1.000 -0.971 -0.558 -0.987 -0.774  0.000  0.930 -0.034  0.867
  4:  0.919 -0.550  0.000 -0.971  1.000  0.531  0.947  0.734  0.000 -0.943  0.031 -0.796
  5:  0.574 -0.165  0.000 -0.558  0.531  1.000  0.582  0.865  0.000 -0.544 -0.003 -0.473
  6:  0.981 -0.629  0.000 -0.987  0.947  0.582  1.000  0.794  0.000 -0.939  0.035 -0.909
  7:  0.788 -0.598  0.000 -0.774  0.734  0.865  0.794  1.000  0.000 -0.741 -0.009 -0.699
  8:  0.000  0.000  0.000  0.000  0.000  0.000  0.000  0.000  0.000  0.000  0.000  0.000
  9: -0.953  0.571  0.000  0.930 -0.943 -0.544 -0.939 -0.741  0.000  1.000 -0.037  0.822
  10:  0.029  0.032  0.000 -0.034  0.031 -0.003  0.035 -0.009  0.000 -0.037  1.000 -0.032
  11: -0.890  0.650  0.000  0.867 -0.796 -0.473 -0.909 -0.699  0.000  0.822 -0.032  1.000
eigen k  w_k           kept  contrib_to_Lhat  loading_on_last_row  top_row(|loading|)
  11  41180.2  yes   0.000778223  0.000972273  4(0.959469)
  10  297.208  yes   8.81271e-05  -0.00648022  6(0.907073)
  9  20.5017  yes   0.00614416  -0.00435978  5(0.874038)
  8  11.7054  yes   0.000180605  -0.00516151  9(0.719818)
  7  3.76622  yes   4.77187e-05  0.01024  3(0.679545)
  6  1.74214  yes   0.000123165  -0.00824491  7(0.82107)
  5  0.282647  yes   0.00109077  0.0409159  0(0.970088)
  4  0.0636528  yes   0.00125316  0.000269528  10(0.858967)
  3  0.0535664  yes   0.000268881  -0.0106214  1(0.783258)
  2  0.00665081  yes   2.7078e-05  0.998975  11(0.998975)
  1  8.24634e-18  NO    0  0  2(1)
  0  -1.86388e-15  NO    0  0  8(1)
interior firms: 12050
  tilted u      : mean of firm means 0.242425, sd across firms 0.987758
  tilted x=e/Mb : mean 0.0799921, sd 0.150766
  tilted ln B   : mean -3.35145, sd 5.38005
  omega at M=M* : mean 3.48788, sd 0.835149
  tilted omega  : mean 3.32712, sd across firms 1.00545, mean within-firm sd 0.0886623
  cor with ln tau_P: omega(M*) -0.0776494, tilted omega -0.0431717, tilted ln B 0.0883058, tilted u -0.0298575
  var(ln tau_P) 0.497772
