===== seed 20260829
Lhat (recomputed) = 0.0507256   TS = 2 n Lhat = 3178.16   n = 31327
row  mean          se            t
  0  -0.678287  0.0358723  -18.9084
  1  0.338372  0.00904639  37.4041
  2  0.64157  0.124482  5.1539
  3  2.99591  0.182115  16.4507
  4  -14.4042  1.14557  -12.5738
  5  -0.322957  0.0290665  -11.1109
  6  0  0  0
  7  -1.07877  0.0347611  -31.0337
  8  0.0774618  0.00432456  17.912
  9  1.56689  0.0830599  18.8646
  10  0.0243447  0.00143257  16.9936
  11  0.0616314  0.00347072  17.7575
  12  3.17077  0.0929497  34.1127
gamma: 2.91833 -1.60933 -1.13098 2.0727 0.00652945 -0.0374892 -0.00713488 0.000432096 -9.66605 -1.17926 0.155629 0.00335419 0.221114
Omega: row sd (per firm) 6.3492 1.60116 22.0327 32.2333 202.759 5.14461 0 6.15253 0.765423 14.7011 0.253558 0.614298 16.4516
Omega as correlation matrix (rows/cols 0..12):
  0:  1.000 -0.587 -0.501 -0.932  0.807  0.268  0.000  0.701 -0.951 -0.960  0.090 -0.897 -0.590
  1: -0.587  1.000  0.253  0.528 -0.420 -0.171  0.000 -0.822  0.617  0.547  0.317  0.577  0.952
  2: -0.501  0.253  1.000  0.766 -0.832 -0.446  0.000 -0.449  0.396  0.510 -0.040  0.313  0.332
  3: -0.932  0.528  0.766  1.000 -0.942 -0.362  0.000 -0.691  0.851  0.920 -0.085  0.785  0.560
  4:  0.807 -0.420 -0.832 -0.942  1.000  0.400  0.000  0.611 -0.674 -0.838  0.061 -0.613 -0.474
  5:  0.268 -0.171 -0.446 -0.362  0.400  1.000  0.000  0.631 -0.135 -0.261  0.063 -0.117 -0.447
  6:  0.000  0.000  0.000  0.000  0.000  0.000  0.000  0.000  0.000  0.000  0.000  0.000  0.000
  7:  0.701 -0.822 -0.449 -0.691  0.611  0.631  0.000  1.000 -0.649 -0.669 -0.122 -0.616 -0.938
  8: -0.951  0.617  0.396  0.851 -0.674 -0.135  0.000 -0.649  1.000  0.888 -0.096  0.959  0.583
  9: -0.960  0.547  0.510  0.920 -0.838 -0.261  0.000 -0.669  0.888  1.000 -0.089  0.846  0.553
  10:  0.090  0.317 -0.040 -0.085  0.061  0.063  0.000 -0.122 -0.096 -0.089  1.000 -0.092  0.272
  11: -0.897  0.577  0.313  0.785 -0.613 -0.117  0.000 -0.616  0.959  0.846 -0.092  1.000  0.553
  12: -0.590  0.952  0.332  0.560 -0.474 -0.447  0.000 -0.938  0.583  0.553  0.272  0.553  1.000
eigen k  w_k           kept  contrib_to_Lhat  loading_on_last_row  top_row(|loading|)
  12  42633.1  yes   0.00260359  -0.0382512  4(0.981925)
  11  300.457  yes   0.0142891  0.716171  12(0.716171)
  10  165.816  yes   0.00120149  0.491914  2(0.758454)
  9  102.014  yes   0.00114523  0.357831  3(0.751403)
  8  18.9731  yes   0.000253118  0.221036  5(0.921092)
  7  8.55312  yes   7.19386e-05  0.0355055  9(0.841617)
  6  0.973734  yes   5.6392e-05  -0.209374  7(0.865268)
  5  0.653367  yes   0.000759035  -0.0778205  0(0.894296)
  4  0.0770117  yes   0.00221799  0.025949  11(0.77692)
  3  0.0463674  yes   0.000115567  -0.00300425  10(0.95742)
  2  0.0195759  yes   0.0244361  0.120512  1(0.932628)
  1  0.00996544  yes   0.00357596  0.0199137  8(0.795837)
  0  6.89954e-16  NO    0  0  6(1)
interior firms: 12050
  tilted eps    : mean of firm means 0.879534; mean of firm E[eps^2] 8.39077 (=> tilted var(eps) 7.61719)
  tilted u      : mean of firm means 1.04988, sd across firms 2.36533
  tilted x=e/Mb : mean 0.174641, sd 0.467777
  tilted ln B   : mean -4.19616, sd 5.44244
  omega at M=M* : mean 3.48788, sd 0.835149
  tilted omega  : mean 2.79602, sd across firms 1.74588, mean within-firm sd 0.421729
  cor with ln tau_P: omega(M*) -0.0776494, tilted omega -0.0746036, tilted ln B 0.0435349, tilted u 0.0461732
  var(ln tau_P) 0.497772
===== seed 20260830
Lhat (recomputed) = 0.0526314   TS = 2 n Lhat = 3297.57   n = 31327
row  mean          se            t
  0  -0.683639  0.0365264  -18.7163
  1  0.337392  0.00906679  37.2119
  2  0.68723  0.13871  4.95444
  3  3.07006  0.195547  15.6999
  4  -15.156  1.34455  -11.2722
  5  -0.322077  0.0294237  -10.9462
  6  0  0  0
  7  -1.08218  0.0351436  -30.793
  8  0.0778382  0.00433881  17.94
  9  1.61331  0.0864435  18.6631
  10  0.0244882  0.00143335  17.0847
  11  0.0628231  0.00352135  17.8406
  12  3.16755  0.0934143  33.9086
gamma: 2.91833 -1.60933 -1.13098 2.0727 0.00652945 -0.0374892 -0.00713488 0.000432096 -9.66605 -1.17926 0.155629 0.00335419 0.221114
Omega: row sd (per firm) 6.46496 1.60477 24.5509 34.6107 237.977 5.20782 0 6.22021 0.767946 15.3 0.253694 0.623258 16.5338
Omega as correlation matrix (rows/cols 0..12):
  0:  1.000 -0.584 -0.521 -0.923  0.781  0.283  0.000  0.710 -0.946 -0.965  0.089 -0.890 -0.592
  1: -0.584  1.000  0.249  0.512 -0.392 -0.175  0.000 -0.823  0.616  0.547  0.314  0.578  0.952
  2: -0.521  0.249  1.000  0.798 -0.868 -0.468  0.000 -0.468  0.386  0.536 -0.038  0.304  0.336
  3: -0.923  0.512  0.798  1.000 -0.940 -0.390  0.000 -0.696  0.823  0.915 -0.081  0.754  0.554
  4:  0.781 -0.392 -0.868 -0.940  1.000  0.429  0.000  0.606 -0.627 -0.807  0.055 -0.565 -0.459
  5:  0.283 -0.175 -0.468 -0.390  0.429  1.000  0.000  0.632 -0.135 -0.285  0.064 -0.115 -0.449
  6:  0.000  0.000  0.000  0.000  0.000  0.000  0.000  0.000  0.000  0.000  0.000  0.000  0.000
  7:  0.710 -0.823 -0.468 -0.696  0.606  0.632  0.000  1.000 -0.650 -0.683 -0.120 -0.615 -0.938
  8: -0.946  0.616  0.386  0.823 -0.627 -0.135  0.000 -0.650  1.000  0.888 -0.096  0.960  0.582
  9: -0.965  0.547  0.536  0.915 -0.807 -0.285  0.000 -0.683  0.888  1.000 -0.088  0.842  0.559
  10:  0.089  0.314 -0.038 -0.081  0.055  0.064  0.000 -0.120 -0.096 -0.088  1.000 -0.092  0.269
  11: -0.890  0.578  0.304  0.754 -0.565 -0.115  0.000 -0.615  0.960  0.842 -0.092  1.000  0.553
  12: -0.592  0.952  0.336  0.554 -0.459 -0.449  0.000 -0.938  0.582  0.559  0.269  0.553  1.000
eigen k  w_k           kept  contrib_to_Lhat  loading_on_last_row  top_row(|loading|)
  12  58405.9  yes   0.002088  -0.031721  4(0.98466)
  11  337.155  yes   0.0137403  0.661055  12(0.661055)
  10  164.329  yes   0.00174778  0.547652  2(0.708649)
  9  115.136  yes   0.00152454  -0.384693  3(0.68494)
  8  19.1142  yes   0.000223681  0.213366  5(0.922233)
  7  9.09479  yes   5.5871e-05  0.0488235  9(0.816964)
  6  0.930403  yes   4.66081e-05  -0.214253  7(0.882022)
  5  0.62698  yes   0.000802811  -0.0653767  0(0.91245)
  4  0.083483  yes   0.00190015  0.0239712  11(0.782264)
  3  0.0466347  yes   0.000179929  -0.00292302  10(0.962787)
  2  0.0183486  yes   0.0255323  0.121868  1(0.927273)
  1  0.00922063  yes   0.00478937  -0.0237837  8(0.786093)
  0  1.02381e-15  NO    0  0  6(1)
interior firms: 12050
  tilted eps    : mean of firm means 0.876986; mean of firm E[eps^2] 8.3824 (=> tilted var(eps) 7.6133)
  tilted u      : mean of firm means 1.04733, sd across firms 2.37047
  tilted x=e/Mb : mean 0.174128, sd 0.416998
  tilted ln B   : mean -4.19832, sd 5.44459
  omega at M=M* : mean 3.48788, sd 0.835149
  tilted omega  : mean 2.79849, sd across firms 1.75378, mean within-firm sd 0.414551
  cor with ln tau_P: omega(M*) -0.0776494, tilted omega -0.08421, tilted ln B 0.0429822, tilted u 0.0572224
  var(ln tau_P) 0.497772
===== seed 20260831
Lhat (recomputed) = 0.0539063   TS = 2 n Lhat = 3377.44   n = 31327
row  mean          se            t
  0  -0.678926  0.0357378  -18.9974
  1  0.339277  0.00905102  37.485
  2  0.58532  0.129332  4.52571
  3  2.98056  0.185962  16.0278
  4  -14.4666  1.25315  -11.5443
  5  -0.328148  0.0291724  -11.2485
  6  0  0  0
  7  -1.0883  0.0349064  -31.1777
  8  0.077461  0.00428459  18.079
  9  1.59551  0.0849379  18.7844
  10  0.0244902  0.00143349  17.0843
  11  0.0620328  0.00343454  18.0615
  12  3.18356  0.0931387  34.1809
gamma: 2.91833 -1.60933 -1.13098 2.0727 0.00652945 -0.0374892 -0.00713488 0.000432096 -9.66605 -1.17926 0.155629 0.00335419 0.221114
Omega: row sd (per firm) 6.32539 1.60198 22.8911 32.9142 221.8 5.16336 0 6.17824 0.758348 15.0335 0.25372 0.607894 16.485
Omega as correlation matrix (rows/cols 0..12):
  0:  1.000 -0.579 -0.492 -0.922  0.772  0.255  0.000  0.689 -0.946 -0.960  0.090 -0.889 -0.576
  1: -0.579  1.000  0.233  0.508 -0.384 -0.179  0.000 -0.824  0.610  0.536  0.317  0.571  0.952
  2: -0.492  0.233  1.000  0.777 -0.843 -0.436  0.000 -0.434  0.362  0.518 -0.036  0.267  0.308
  3: -0.922  0.508  0.777  1.000 -0.933 -0.356  0.000 -0.674  0.826  0.919 -0.083  0.752  0.537
  4:  0.772 -0.384 -0.843 -0.933  1.000  0.389  0.000  0.578 -0.621 -0.817  0.056 -0.555 -0.437
  5:  0.255 -0.179 -0.436 -0.356  0.389  1.000  0.000  0.634 -0.110 -0.259  0.054 -0.083 -0.454
  6:  0.000  0.000  0.000  0.000  0.000  0.000  0.000  0.000  0.000  0.000  0.000  0.000  0.000
  7:  0.689 -0.824 -0.434 -0.674  0.578  0.634  0.000  1.000 -0.632 -0.660 -0.127 -0.594 -0.939
  8: -0.946  0.610  0.362  0.826 -0.621 -0.110  0.000 -0.632  1.000  0.880 -0.097  0.959  0.567
  9: -0.960  0.536  0.518  0.919 -0.817 -0.259  0.000 -0.660  0.880  1.000 -0.089  0.838  0.540
  10:  0.090  0.317 -0.036 -0.083  0.056  0.054  0.000 -0.127 -0.097 -0.089  1.000 -0.094  0.274
  11: -0.889  0.571  0.267  0.752 -0.555 -0.083  0.000 -0.594  0.959  0.838 -0.094  1.000  0.535
  12: -0.576  0.952  0.308  0.537 -0.437 -0.454  0.000 -0.939  0.567  0.540  0.274  0.535  1.000
eigen k  w_k           kept  contrib_to_Lhat  loading_on_last_row  top_row(|loading|)
  12  50760.9  yes   0.00219438  -0.032347  4(0.984399)
  11  331.162  yes   0.0144105  0.6942  12(0.6942)
  10  167.245  yes   0.000907363  0.465574  2(0.775274)
  9  119.789  yes   0.00179694  -0.426448  3(0.704224)
  8  18.9855  yes   0.000265095  0.223481  5(0.919249)
  7  8.71913  yes   6.32166e-05  0.0477891  9(0.824802)
  6  0.956066  yes   3.66096e-05  0.214676  7(0.880394)
  5  0.627987  yes   0.000735148  -0.0656793  0(0.91102)
  4  0.0778154  yes   0.00209341  -0.0216327  11(0.768216)
  3  0.0463471  yes   0.000140037  -0.00345971  10(0.955928)
  2  0.0179441  yes   0.0274581  0.12222  1(0.941125)
  1  0.00921072  yes   0.00380547  -0.019459  8(0.785839)
  0  -7.91278e-16  NO    0  0  6(1)
interior firms: 12050
  tilted eps    : mean of firm means 0.881887; mean of firm E[eps^2] 8.42404 (=> tilted var(eps) 7.64631)
  tilted u      : mean of firm means 1.05223, sd across firms 2.36785
  tilted x=e/Mb : mean 0.173091, sd 0.392125
  tilted ln B   : mean -4.20434, sd 5.44579
  omega at M=M* : mean 3.48788, sd 0.835149
  tilted omega  : mean 2.79473, sd across firms 1.75126, mean within-firm sd 0.422604
  cor with ln tau_P: omega(M*) -0.0776494, tilted omega -0.0726458, tilted ln B 0.0433605, tilted u 0.044683
  var(ln tau_P) 0.497772
