==== grid_estimator (moment set C) ====
  input_csv  = ../Products/1585-stage2-input-designA-interior-trim0.005.csv
  output_csv = /dev/null
  lambda     = [1e-09, 0.0001], n=10 (log-spaced)
  delta1     = [-4, 2], n=10
  delta2     = [-1, 1], n=10
  n_burn=1000 n_keep=1000 n_threads=4 base_seed=20260830
  shard: 0 / 1
========================================
industries (interior, jidx order): 313 321 322 324 331 342 351 352 369
Loaded 12050 firm-periods (0 corner) from ../Products/1585-stage2-input-designA-interior-trim0.005.csv
cut=ak: Omega/n, keep eigenvalues > 0, dropped rows removed before eigen (AK2020 objMCcu)
drop_rows mask = 4320 (5,6,7,12)
KINK_S: k fixed at 1, share s estimated (start 0.3), row [11] = eps * score(kappa)
Detection: qform=power_kink, q = (e/(kappa*Mbar))^k up to the FOC ceiling, flat beyond; 'lambda' below is kappa, k estimated; share beyond the kink fixed at 0.3
Moment set A row [6] = eps*psi
Moment set A + row [9] psi*ltau_bar (TAU_ROW build, D_G_A=22)
Lhat (recomputed) = 0.0145607   TS = 2 n Lhat = 350.912   n = 12050
row  mean          se            t
  0  -0.245022  0.0286617  -8.54878
  1  0.0826309  0.00853901  9.67687
  2  0.824191  0.126527  6.51394
  3  0.778913  0.105102  7.41102
  4  -2.74969  0.436699  -6.29652
  5  0  0  0
  6  0  0  0
  7  0  0  0
  8  0.013626  0.0026271  5.1867
  9  1.00403  0.0935431  10.7333
  10  -0.00521842  0.0031195  -1.67284
  11  0.0175165  0.00331072  5.29085
  12  0  0  0
  13  -0.0136614  0.00469106  -2.91222
  14  -0.0876981  0.0137998  -6.35502
  15  -0.191904  0.0240069  -7.99371
  16  0.0135889  0.00809722  1.67822
  17  -0.174684  0.0208185  -8.39084
  18  0.00417005  0.0103986  0.401022
  19  0.0175588  0.00528796  3.32051
  20  -0.016788  0.0151433  -1.10861
  21  -0.0117084  0.00921343  -1.2708
gamma: -0.0237259 -2.27769 0.233048 0.288943 0.0823427 -1.56894 -2.65356 -3.67519 0.103179 -0.316541 -1.77652 -0.235069 -10.2436 0.178251 -0.0547371 -0.396428 -0.173336 -1.9178 -0.193834 0.0910316 -0.626674 0.191795
Omega: row sd (per firm) 3.14626 0.937349 13.8892 11.5373 47.9376 0 0 0 0.288384 10.2685 0.342435 0.363426 0 0.51495 1.51484 2.63529 0.888852 2.28529 1.14148 0.580473 1.66232 1.01138
Omega as correlation matrix (rows/cols 0..21):
  0:  1.000 -0.725 -0.685 -0.867  0.893  0.000  0.000  0.000 -0.781 -0.910  0.029 -0.752  0.000 -0.008 -0.067  0.186  0.100  0.633  0.003 -0.017  0.189 -0.029
  1: -0.725  1.000  0.543  0.656 -0.597  0.000  0.000  0.000  0.675  0.642 -0.007  0.647  0.000  0.065  0.185 -0.082 -0.012 -0.662  0.130  0.064 -0.040  0.140
  2: -0.685  0.543  1.000  0.940 -0.782  0.000  0.000  0.000  0.589  0.604 -0.049  0.554  0.000 -0.012 -0.116 -0.145 -0.095 -0.507 -0.070 -0.039 -0.307 -0.045
  3: -0.867  0.656  0.940  1.000 -0.909  0.000  0.000  0.000  0.719  0.762 -0.044  0.681  0.000 -0.003 -0.031 -0.169 -0.070 -0.592 -0.049 -0.013 -0.269 -0.013
  4:  0.893 -0.597 -0.782 -0.909  1.000  0.000  0.000  0.000 -0.648 -0.810  0.017 -0.604  0.000 -0.005 -0.025  0.206  0.069  0.574  0.021 -0.004  0.267 -0.008
  5:  0.000  0.000  0.000  0.000  0.000  0.000  0.000  0.000  0.000  0.000  0.000  0.000  0.000  0.000  0.000  0.000  0.000  0.000  0.000  0.000  0.000  0.000
  6:  0.000  0.000  0.000  0.000  0.000  0.000  0.000  0.000  0.000  0.000  0.000  0.000  0.000  0.000  0.000  0.000  0.000  0.000  0.000  0.000  0.000  0.000
  7:  0.000  0.000  0.000  0.000  0.000  0.000  0.000  0.000  0.000  0.000  0.000  0.000  0.000  0.000  0.000  0.000  0.000  0.000  0.000  0.000  0.000  0.000
  8: -0.781  0.675  0.589  0.719 -0.648  0.000  0.000  0.000  1.000  0.717 -0.037  0.986  0.000  0.041  0.069 -0.020  0.004 -0.645  0.046  0.021 -0.030  0.045
  9: -0.910  0.642  0.604  0.762 -0.810  0.000  0.000  0.000  0.717  1.000 -0.040  0.688  0.000  0.008  0.050 -0.122 -0.078 -0.671  0.013  0.017 -0.133  0.031
  10:  0.029 -0.007 -0.049 -0.044  0.017  0.000  0.000  0.000 -0.037 -0.040  1.000 -0.036  0.000  0.021  0.068 -0.153 -0.030 -0.036 -0.002 -0.013  0.007  0.074
  11: -0.752  0.647  0.554  0.681 -0.604  0.000  0.000  0.000  0.986  0.688 -0.036  1.000  0.000  0.039  0.054 -0.017  0.008 -0.645  0.034  0.017 -0.022  0.036
  12:  0.000  0.000  0.000  0.000  0.000  0.000  0.000  0.000  0.000  0.000  0.000  0.000  0.000  0.000  0.000  0.000  0.000  0.000  0.000  0.000  0.000  0.000
  13: -0.008  0.065 -0.012 -0.003 -0.005  0.000  0.000  0.000  0.041  0.008  0.021  0.039  0.000  1.000 -0.002 -0.002  0.000 -0.002  0.000  0.001 -0.000 -0.000
  14: -0.067  0.185 -0.116 -0.031 -0.025  0.000  0.000  0.000  0.069  0.050  0.068  0.054  0.000 -0.002  1.000 -0.004  0.001 -0.004  0.000  0.002 -0.001 -0.001
  15:  0.186 -0.082 -0.145 -0.169  0.206  0.000  0.000  0.000 -0.020 -0.122 -0.153 -0.017  0.000 -0.002 -0.004  1.000  0.001 -0.006  0.000  0.002 -0.001 -0.001
  16:  0.100 -0.012 -0.095 -0.070  0.069  0.000  0.000  0.000  0.004 -0.078 -0.030  0.008  0.000  0.000  0.001  0.001  1.000  0.001 -0.000 -0.000  0.000  0.000
  17:  0.633 -0.662 -0.507 -0.592  0.574  0.000  0.000  0.000 -0.645 -0.671 -0.036 -0.645  0.000 -0.002 -0.004 -0.006  0.001  1.000  0.000  0.002 -0.001 -0.001
  18:  0.003  0.130 -0.070 -0.049  0.021  0.000  0.000  0.000  0.046  0.013 -0.002  0.034  0.000  0.000  0.000  0.000 -0.000  0.000  1.000 -0.000  0.000  0.000
  19: -0.017  0.064 -0.039 -0.013 -0.004  0.000  0.000  0.000  0.021  0.017 -0.013  0.017  0.000  0.001  0.002  0.002 -0.000  0.002 -0.000  1.000  0.000  0.000
  20:  0.189 -0.040 -0.307 -0.269  0.267  0.000  0.000  0.000 -0.030 -0.133  0.007 -0.022  0.000 -0.000 -0.001 -0.001  0.000 -0.001  0.000  0.000  1.000 -0.000
  21: -0.029  0.140 -0.045 -0.013 -0.008  0.000  0.000  0.000  0.045  0.031  0.074  0.036  0.000 -0.000 -0.001 -0.001  0.000 -0.001  0.000  0.000 -0.000  1.000
eigen k  w_k           kept  contrib_to_Lhat  loading_on_last_row  top_row(|loading|)
  17  2614.68  yes   0.00184451  -9.6361e-05  4(0.935833)
  16  87.0064  yes   0.00012871  0.00882357  2(0.860062)
  15  37.1965  yes   0.00383824  0.00582979  9(0.938072)
  14  6.68373  yes   0.00246789  0.000505013  15(0.987774)
  13  4.20492  yes   0.000108988  -0.0280936  3(0.737603)
  12  2.99673  yes   0.000305627  0.0197749  17(0.76323)
  11  2.19552  yes   0.000224977  -0.0119146  14(0.712771)
  10  1.97075  yes   0.0015132  -0.0502724  14(0.632943)
  9  1.30928  yes   4.02806e-08  -0.0201719  18(0.982866)
  8  1.03035  yes   8.29739e-05  0.982257  21(0.982257)
  7  0.819868  yes   0.00019455  0.0612164  16(0.921337)
  6  0.44796  yes   0.000120536  0.0910962  0(0.673993)
  5  0.341222  yes   0.000712005  0.0227987  19(0.964997)
  4  0.272212  yes   9.36529e-05  0.0381208  13(0.94362)
  3  0.190829  yes   0.00245497  0.122801  1(0.77316)
  2  0.109922  yes   5.01985e-05  -0.0351626  10(0.996103)
  1  0.0615298  yes   0.000204381  0.0215831  11(0.784964)
  0  0.00108252  yes   0.000215219  0.00116904  8(0.801262)
interior firms: 12050
  tilted eps    : mean of firm means 0.0981033; mean of firm E[eps^2] 0.25094 (=> tilted var(eps) 0.241316)
  tilted u      : mean of firm means 0.268451, sd across firms 0.286109
  tilted u quantiles (firm means): p10 0.0784134 p25 0.110606 p50 0.156062 p75 0.345877 p90 0.590001 p99 1.39565 max 5.15945 | share of firms with mean u < 0.01: 0.0013278, < 0.05: 0.0424896
  share of draws beyond the kink (mean over firms) 0.203763; firms with >50% of draws beyond: 0.200664
  tilted x=e/Mb : mean 0.121198, sd 0.292584
  tilted ln B   : mean -2.90358, sd 5.08163
  omega at M=M* : mean 3.48788, sd 0.835149
  tilted omega  : mean 3.31097, sd across firms 0.744105, mean within-firm sd 0.133955
  cor with ln tau_P: omega(M*) -0.0776494, tilted omega 0.00249998, tilted ln B 0.179658, tilted u -0.340022
  var(ln tau_P) 0.497772
