==== grid_estimator (moment set C) ====
  input_csv  = ../Products/1585-stage2-input-designA-interior-trim0.005.csv
  output_csv = /dev/null
  lambda     = [1e-09, 0.0001], n=10 (log-spaced)
  delta1     = [-4, 2], n=10
  delta2     = [-1, 1], n=10
  n_burn=1000 n_keep=1000 n_threads=4 base_seed=20260830
  shard: 0 / 1
========================================
industries (interior, jidx order): 313 321 322 324 331 342 351 352 369
Loaded 12050 firm-periods (0 corner) from ../Products/1585-stage2-input-designA-interior-trim0.005.csv
cut=ak: Omega/n, keep eigenvalues > 0, dropped rows removed before eigen (AK2020 objMCcu)
k estimated (k_free=1), bounds [0.05, 2.5]
drop_rows mask = 4320 (5,6,7,12)
KINK_S: k fixed at 0.5, share s estimated (start 0.3), row [11] = eps * score(kappa)
Detection: qform=power_kink, q = (e/(kappa*Mbar))^k up to the FOC ceiling, flat beyond; 'lambda' below is kappa, k estimated; share beyond the kink fixed at 0.3
Moment set A row [6] = eps*psi
Moment set A + row [9] psi*ltau_bar (TAU_ROW build, D_G_A=22)
Lhat (recomputed) = 0.0256795   TS = 2 n Lhat = 618.876   n = 12050
row  mean          se            t
  0  -0.506932  0.0490837  -10.3279
  1  0.269642  0.0142648  18.9026
  2  2.39641  0.289548  8.27638
  3  2.3759  0.271416  8.75374
  4  -11.7692  1.76827  -6.65576
  5  0  0  0
  6  0  0  0
  7  0  0  0
  8  0.0393812  0.00418533  9.40935
  9  1.62334  0.135955  11.9403
  10  0.00679825  0.00324544  2.09471
  11  0.0395505  0.00453128  8.72834
  12  0  0  0
  13  -0.0602569  0.00721303  -8.35389
  14  -0.0932157  0.0254546  -3.66204
  15  -0.360563  0.0396414  -9.09561
  16  -0.0675614  0.0211663  -3.19194
  17  -0.139445  0.0200173  -6.96623
  18  -0.0262204  0.0174304  -1.50429
  19  0.133933  0.0141359  9.47466
  20  -0.0366596  0.0191367  -1.91567
  21  -0.111652  0.0188743  -5.91555
gamma: 0.409763 -0.187226 0.245272 -0.0930954 0.00577841 0 0 0 -0.158605 -0.156102 0.338761 0.417559 0 -0.470263 -0.303889 -0.388998 -0.429413 -1.01984 -0.432134 0.235716 -0.650269 -0.249399
Omega: row sd (per firm) 5.38804 1.56588 31.7844 29.794 194.107 0 0 0 0.459434 14.9241 0.35626 0.49741 0 0.791792 2.79421 4.35153 2.32347 2.19735 1.91338 1.55174 2.10069 2.07188
Omega as correlation matrix (rows/cols 0..21):
  0:  1.000 -0.586 -0.903 -0.934  0.850  0.000  0.000  0.000 -0.897 -0.958  0.054 -0.836  0.000  0.066  0.244  0.324  0.204  0.258  0.175  0.002  0.255  0.320
  1: -0.586  1.000  0.513  0.521 -0.441  0.000  0.000  0.000  0.611  0.555  0.127  0.559  0.000 -0.025 -0.148 -0.466 -0.278 -0.361 -0.120  0.114 -0.121 -0.100
  2: -0.903  0.513  1.000  0.984 -0.920  0.000  0.000  0.000  0.807  0.845 -0.051  0.760  0.000 -0.064 -0.371 -0.287 -0.175 -0.175 -0.184 -0.015 -0.270 -0.387
  3: -0.934  0.521  0.984  1.000 -0.959  0.000  0.000  0.000  0.813  0.873 -0.052  0.765  0.000 -0.070 -0.363 -0.276 -0.132 -0.170 -0.191 -0.009 -0.262 -0.408
  4:  0.850 -0.441 -0.920 -0.959  1.000  0.000  0.000  0.000 -0.693 -0.790  0.035 -0.660  0.000  0.056  0.420  0.213  0.077  0.108  0.161  0.005  0.219  0.433
  5:  0.000  0.000  0.000  0.000  0.000  0.000  0.000  0.000  0.000  0.000  0.000  0.000  0.000  0.000  0.000  0.000  0.000  0.000  0.000  0.000  0.000  0.000
  6:  0.000  0.000  0.000  0.000  0.000  0.000  0.000  0.000  0.000  0.000  0.000  0.000  0.000  0.000  0.000  0.000  0.000  0.000  0.000  0.000  0.000  0.000
  7:  0.000  0.000  0.000  0.000  0.000  0.000  0.000  0.000  0.000  0.000  0.000  0.000  0.000  0.000  0.000  0.000  0.000  0.000  0.000  0.000  0.000  0.000
  8: -0.897  0.611  0.807  0.813 -0.693  0.000  0.000  0.000  1.000  0.838 -0.078  0.978  0.000 -0.022 -0.151 -0.302 -0.237 -0.317 -0.102  0.014 -0.155 -0.168
  9: -0.958  0.555  0.845  0.873 -0.790  0.000  0.000  0.000  0.838  1.000 -0.062  0.773  0.000 -0.056 -0.227 -0.289 -0.182 -0.329 -0.140 -0.002 -0.232 -0.309
  10:  0.054  0.127 -0.051 -0.052  0.035  0.000  0.000  0.000 -0.078 -0.062  1.000 -0.069  0.000  0.022  0.020 -0.146 -0.038 -0.062 -0.012  0.088  0.015  0.024
  11: -0.836  0.559  0.760  0.765 -0.660  0.000  0.000  0.000  0.978  0.773 -0.069  1.000  0.000 -0.012 -0.169 -0.318 -0.223 -0.322 -0.097  0.013 -0.117 -0.139
  12:  0.000  0.000  0.000  0.000  0.000  0.000  0.000  0.000  0.000  0.000  0.000  0.000  0.000  0.000  0.000  0.000  0.000  0.000  0.000  0.000  0.000  0.000
  13:  0.066 -0.025 -0.064 -0.070  0.056  0.000  0.000  0.000 -0.022 -0.056  0.022 -0.012  0.000  1.000 -0.003 -0.006 -0.002 -0.005 -0.001  0.007 -0.001 -0.004
  14:  0.244 -0.148 -0.371 -0.363  0.420  0.000  0.000  0.000 -0.151 -0.227  0.020 -0.169  0.000 -0.003  1.000 -0.003 -0.001 -0.002 -0.000  0.003 -0.001 -0.002
  15:  0.324 -0.466 -0.287 -0.276  0.213  0.000  0.000  0.000 -0.302 -0.289 -0.146 -0.318  0.000 -0.006 -0.003  1.000 -0.002 -0.005 -0.001  0.007 -0.001 -0.004
  16:  0.204 -0.278 -0.175 -0.132  0.077  0.000  0.000  0.000 -0.237 -0.182 -0.038 -0.223  0.000 -0.002 -0.001 -0.002  1.000 -0.002 -0.000  0.003 -0.001 -0.002
  17:  0.258 -0.361 -0.175 -0.170  0.108  0.000  0.000  0.000 -0.317 -0.329 -0.062 -0.322  0.000 -0.005 -0.002 -0.005 -0.002  1.000 -0.001  0.005 -0.001 -0.003
  18:  0.175 -0.120 -0.184 -0.191  0.161  0.000  0.000  0.000 -0.102 -0.140 -0.012 -0.097  0.000 -0.001 -0.000 -0.001 -0.000 -0.001  1.000  0.001 -0.000 -0.001
  19:  0.002  0.114 -0.015 -0.009  0.005  0.000  0.000  0.000  0.014 -0.002  0.088  0.013  0.000  0.007  0.003  0.007  0.003  0.005  0.001  1.000  0.002  0.005
  20:  0.255 -0.121 -0.270 -0.262  0.219  0.000  0.000  0.000 -0.155 -0.232  0.015 -0.117  0.000 -0.001 -0.001 -0.001 -0.001 -0.001 -0.000  0.002  1.000 -0.001
  21:  0.320 -0.100 -0.387 -0.408  0.433  0.000  0.000  0.000 -0.168 -0.309  0.024 -0.139  0.000 -0.004 -0.002 -0.004 -0.002 -0.003 -0.001  0.005 -0.001  1.000
eigen k  w_k           kept  contrib_to_Lhat  loading_on_last_row  top_row(|loading|)
  17  39524.7  yes   0.00191397  0.00450499  4(0.976211)
  16  247.335  yes   0.00285027  -0.00658969  2(0.719338)
  15  55.8516  yes   0.00226612  0.0102705  9(0.839846)
  14  17.2874  yes   0.00125105  -0.047772  15(0.977989)
  13  7.91038  yes   9.39145e-05  -0.183826  14(0.626)
  12  5.75092  yes   0.000123706  0.246572  16(0.621422)
  11  4.91233  yes   6.19587e-05  -0.26227  16(0.632151)
  10  4.34275  yes   0.000588466  0.193331  20(0.821617)
  9  3.91533  yes   0.000150541  0.472879  17(0.672074)
  8  3.46465  yes   0.000889884  -0.276008  18(0.826611)
  7  2.4948  yes   0.007092  0.479906  19(0.722919)
  6  2.37441  yes   2.70527e-06  0.500153  19(0.664779)
  5  0.890582  yes   0.00370085  0.0380585  1(0.888825)
  4  0.64758  yes   0.00377864  0.0638792  0(0.668919)
  3  0.591967  yes   0.000241856  -0.0935292  13(0.748202)
  2  0.11832  yes   3.95955e-05  -0.0138834  10(0.982347)
  1  0.0713194  yes   0.000170122  0.0450202  11(0.810703)
  0  0.00136559  yes   0.000463838  0.00656136  8(0.836944)
interior firms: 12050
  tilted eps    : mean of firm means 0.477851; mean of firm E[eps^2] 1.05887 (=> tilted var(eps) 0.830528)
  tilted u      : mean of firm means 0.648198, sd across firms 0.565357
  tilted u quantiles (firm means): p10 0.164394 p25 0.228865 p50 0.482462 p75 0.966545 p90 1.23348 p99 2.24173 max 15.0878 | share of firms with mean u < 0.01: 0, < 0.05: 0
  share of draws beyond the kink (mean over firms) 0.361239; firms with >50% of draws beyond: 0.379585
  tilted x=e/Mb : mean 0.249363, sd 0.554528
  tilted ln B   : mean -5.14264, sd 5.76608
  omega at M=M* : mean 3.48788, sd 0.835149
  tilted omega  : mean 3.06464, sd across firms 0.73485, mean within-firm sd 0.374684
  cor with ln tau_P: omega(M*) -0.0776494, tilted omega 0.0102292, tilted ln B 0.106963, tilted u -0.182758
  var(ln tau_P) 0.497772
