==== grid_estimator (moment set C) ====
  input_csv  = ../Products/1585-stage2-input-designA-interior-trim0.005.csv
  output_csv = /dev/null
  lambda     = [1e-09, 0.0001], n=10 (log-spaced)
  delta1     = [-4, 2], n=10
  delta2     = [-1, 1], n=10
  n_burn=1000 n_keep=10000 n_threads=4 base_seed=20260830
  shard: 0 / 1
========================================
industries (interior, jidx order): 313 321 322 324 331 342 351 352 369
Loaded 12050 firm-periods (0 corner) from ../Products/1585-stage2-input-designA-interior-trim0.005.csv
cut=ak: Omega/n, keep eigenvalues > 0, dropped rows removed before eigen (AK2020 objMCcu)
drop_rows mask = 4320 (5,6,7,12)
KINK_S: k fixed at 1, share s estimated (start 0.3), row [11] = eps * score(kappa)
Detection: qform=power_kink, q = (e/(kappa*Mbar))^k up to the FOC ceiling, flat beyond; 'lambda' below is kappa, k estimated; share beyond the kink fixed at 0.3
Moment set A row [6] = eps*psi
Moment set A + row [9] psi*ltau_bar (TAU_ROW build, D_G_A=22)
Lhat (recomputed) = 0.0203083   TS = 2 n Lhat = 489.429   n = 12050
row  mean          se            t
  0  -0.556962  0.0431409  -12.9103
  1  0.194507  0.0121196  16.049
  2  2.25551  0.21142  10.6684
  3  2.03736  0.179716  11.3365
  4  -7.88793  0.882657  -8.93657
  5  0  0  0
  6  0  0  0
  7  0  0  0
  8  0.0386467  0.00378616  10.2074
  9  1.81623  0.130719  13.8941
  10  -0.00291513  0.00312807  -0.931925
  11  0.0506025  0.00500418  10.1121
  12  0  0  0
  13  -0.0137611  0.00468133  -2.93958
  14  -0.0877112  0.0137922  -6.35948
  15  -0.295082  0.030641  -9.63028
  16  0.00862734  0.00918398  0.93939
  17  -0.466525  0.0351877  -13.2582
  18  -0.000439245  0.0110801  -0.0396426
  19  0.0176246  0.00527793  3.33931
  20  -0.0518343  0.0179345  -2.89021
  21  -0.011921  0.0092308  -1.29144
gamma: -0.0237259 -2.27769 0.233048 0.288943 0.0823427 -1.56894 -2.65356 -3.67519 0.103179 -0.316541 -1.77652 -0.235069 -10.2436 0.178251 -0.0547371 -0.396428 -0.173336 -1.9178 -0.193834 0.0910316 -0.626674 0.191795
Omega: row sd (per firm) 4.73569 1.3304 23.2081 19.7279 96.8915 0 0 0 0.415617 14.3493 0.343376 0.549321 0 0.513881 1.514 3.36354 1.00815 3.86264 1.21629 0.579372 1.96871 1.01329
Omega as correlation matrix (rows/cols 0..21):
  0:  1.000 -0.755 -0.840 -0.922  0.860  0.000  0.000  0.000 -0.808 -0.917  0.051 -0.770  0.000 -0.007 -0.048  0.298  0.090  0.651  0.025 -0.010  0.196 -0.020
  1: -0.755  1.000  0.621  0.677 -0.589  0.000  0.000  0.000  0.689  0.686  0.032  0.659  0.000  0.048  0.135 -0.218 -0.038 -0.743  0.067  0.043 -0.110  0.100
  2: -0.840  0.621  1.000  0.972 -0.911  0.000  0.000  0.000  0.628  0.755 -0.061  0.584  0.000 -0.006 -0.066 -0.300 -0.089 -0.596 -0.070 -0.025 -0.249 -0.027
  3: -0.922  0.677  0.972  1.000 -0.949  0.000  0.000  0.000  0.702  0.819 -0.058  0.657  0.000  0.000 -0.015 -0.305 -0.062 -0.629 -0.053 -0.010 -0.234 -0.007
  4:  0.860 -0.589 -0.911 -0.949  1.000  0.000  0.000  0.000 -0.578 -0.772  0.034 -0.533  0.000 -0.004 -0.015  0.301  0.047  0.610  0.034 -0.000  0.209 -0.005
  5:  0.000  0.000  0.000  0.000  0.000  0.000  0.000  0.000  0.000  0.000  0.000  0.000  0.000  0.000  0.000  0.000  0.000  0.000  0.000  0.000  0.000  0.000
  6:  0.000  0.000  0.000  0.000  0.000  0.000  0.000  0.000  0.000  0.000  0.000  0.000  0.000  0.000  0.000  0.000  0.000  0.000  0.000  0.000  0.000  0.000
  7:  0.000  0.000  0.000  0.000  0.000  0.000  0.000  0.000  0.000  0.000  0.000  0.000  0.000  0.000  0.000  0.000  0.000  0.000  0.000  0.000  0.000  0.000
  8: -0.808  0.689  0.628  0.702 -0.578  0.000  0.000  0.000  1.000  0.756 -0.056  0.988  0.000  0.030  0.051 -0.112 -0.019 -0.636  0.016  0.013 -0.037  0.032
  9: -0.917  0.686  0.755  0.819 -0.772  0.000  0.000  0.000  0.756  1.000 -0.056  0.718  0.000  0.007  0.039 -0.208 -0.078 -0.677 -0.010  0.011 -0.143  0.023
  10:  0.051  0.032 -0.061 -0.058  0.034  0.000  0.000  0.000 -0.056 -0.056  1.000 -0.054  0.000  0.021  0.067 -0.117 -0.024 -0.055 -0.001 -0.013  0.008  0.075
  11: -0.770  0.659  0.584  0.657 -0.533  0.000  0.000  0.000  0.988  0.718 -0.054  1.000  0.000  0.027  0.039 -0.093 -0.012 -0.628  0.010  0.009 -0.022  0.024
  12:  0.000  0.000  0.000  0.000  0.000  0.000  0.000  0.000  0.000  0.000  0.000  0.000  0.000  0.000  0.000  0.000  0.000  0.000  0.000  0.000  0.000  0.000
  13: -0.007  0.048 -0.006  0.000 -0.004  0.000  0.000  0.000  0.030  0.007  0.021  0.027  0.000  1.000 -0.002 -0.002  0.000 -0.003 -0.000  0.001 -0.001 -0.000
  14: -0.048  0.135 -0.066 -0.015 -0.015  0.000  0.000  0.000  0.051  0.039  0.067  0.039  0.000 -0.002  1.000 -0.005  0.000 -0.007 -0.000  0.002 -0.002 -0.001
  15:  0.298 -0.218 -0.300 -0.305  0.301  0.000  0.000  0.000 -0.112 -0.208 -0.117 -0.093  0.000 -0.002 -0.005  1.000  0.001 -0.011 -0.000  0.003 -0.002 -0.001
  16:  0.090 -0.038 -0.089 -0.062  0.047  0.000  0.000  0.000 -0.019 -0.078 -0.024 -0.012  0.000  0.000  0.000  0.001  1.000  0.001  0.000 -0.000  0.000  0.000
  17:  0.651 -0.743 -0.596 -0.629  0.610  0.000  0.000  0.000 -0.636 -0.677 -0.055 -0.628  0.000 -0.003 -0.007 -0.011  0.001  1.000 -0.000  0.004 -0.003 -0.001
  18:  0.025  0.067 -0.070 -0.053  0.034  0.000  0.000  0.000  0.016 -0.010 -0.001  0.010  0.000 -0.000 -0.000 -0.000  0.000 -0.000  1.000  0.000 -0.000 -0.000
  19: -0.010  0.043 -0.025 -0.010 -0.000  0.000  0.000  0.000  0.013  0.011 -0.013  0.009  0.000  0.001  0.002  0.003 -0.000  0.004  0.000  1.000  0.001  0.000
  20:  0.196 -0.110 -0.249 -0.234  0.209  0.000  0.000  0.000 -0.037 -0.143  0.008 -0.022  0.000 -0.001 -0.002 -0.002  0.000 -0.003 -0.000  0.001  1.000 -0.000
  21: -0.020  0.100 -0.027 -0.007 -0.005  0.000  0.000  0.000  0.032  0.023  0.075  0.024  0.000 -0.000 -0.001 -0.001  0.000 -0.001 -0.000  0.000 -0.000  1.000
eigen k  w_k           kept  contrib_to_Lhat  loading_on_last_row  top_row(|loading|)
  17  10345.3  yes   0.00357727  3.06824e-05  4(0.952024)
  16  126.369  yes   0.0044545  -0.00344868  2(0.666481)
  15  73.6423  yes   0.00138089  0.00904177  9(0.809384)
  14  11.8218  yes   0.00059201  0.00589651  15(0.83226)
  13  8.08508  yes   2.34516e-05  -0.01494  3(0.746345)
  12  6.8545  yes   0.00346168  0.00209595  17(0.772681)
  11  3.28969  yes   0.000906074  0.0115339  20(0.940189)
  10  2.17411  yes   0.00201198  -0.0205333  14(0.981467)
  9  1.46834  yes   1.24996e-05  -0.00335677  18(0.987651)
  8  1.11703  yes   0.000110223  0.336903  16(0.787263)
  7  1.03144  yes   1.02083e-05  0.919186  21(0.919186)
  6  0.644917  yes   1.08782e-08  0.105856  0(0.674801)
  5  0.380609  yes   0.00211085  -0.138473  1(0.711515)
  4  0.315596  yes   4.65313e-06  -0.0832158  19(0.834019)
  3  0.256721  yes   0.00108413  0.043005  13(0.94786)
  2  0.113192  yes   2.82975e-05  0.0129599  11(0.734799)
  1  0.108186  yes   0.000196542  0.0366861  10(0.919033)
  0  0.00195001  yes   0.000342996  -0.0017571  8(0.822449)
interior firms: 12050
  tilted eps    : mean of firm means 0.194507; mean of firm E[eps^2] 2.28578 (=> tilted var(eps) 2.24795)
  tilted u      : mean of firm means 0.364854, sd across firms 1.23521
  tilted u quantiles (firm means): p10 0.0578962 p25 0.0863345 p50 0.122037 p75 0.206075 p90 0.425444 p99 8.53528 max 16.7451 | share of firms with mean u < 0.01: 0.000580913, < 0.05: 0.0718672
  share of draws beyond the kink (mean over firms) 0.169181; firms with >50% of draws beyond: 0.164979
  TAIL: exposed to beyond-kink tail 0.47834; exposed with a_i>0 (improper tilt) 0.446473 | max kept u per firm: p50 1.25724 p99 11.4615 max 18.4913 | firms with a kept u > 8: 489, > 12: 81 | mean share of kept draws with u > 8: 0.0173799
  tilted x=e/Mb : mean 0.0832217, sd 0.178121
  tilted ln B   : mean -2.41829, sd 4.71636
  omega at M=M* : mean 3.48788, sd 0.835149
  tilted omega  : mean 3.24447, sd across firms 1.09197, mean within-firm sd 0.162628
  cor with ln tau_P: omega(M*) -0.0776494, tilted omega 0.0505782, tilted ln B 0.192819, tilted u -0.140469
  var(ln tau_P) 0.497772
