==== grid_estimator (moment set C) ====
  input_csv  = ../Products/1585-stage2-input-designA-interior-trim0.005.csv
  output_csv = /dev/null
  lambda     = [1e-09, 0.0001], n=10 (log-spaced)
  delta1     = [-4, 2], n=10
  delta2     = [-1, 1], n=10
  n_burn=1000 n_keep=1000 n_threads=4 base_seed=20260830
  shard: 0 / 1
========================================
industries (interior, jidx order): 313 321 322 324 331 342 351 352 369
Loaded 12050 firm-periods (0 corner) from ../Products/1585-stage2-input-designA-interior-trim0.005.csv
cut=ak: Omega/n, keep eigenvalues > 0, dropped rows removed before eigen (AK2020 objMCcu)
drop_rows mask = 4320 (5,6,7,12)
KINK_S: k fixed at 0.75, share s estimated (start 0.3), row [11] = eps * score(kappa)
Detection: qform=power_kink, q = (e/(kappa*Mbar))^k up to the FOC ceiling, flat beyond; 'lambda' below is kappa, k estimated; share beyond the kink fixed at 0.3
Moment set A row [6] = eps*psi
Moment set A + row [9] psi*ltau_bar (TAU_ROW build, D_G_A=22)
Lhat (recomputed) = 0.0460337   TS = 2 n Lhat = 1109.41   n = 12050
row  mean          se            t
  0  -1.20071  0.0644386  -18.6335
  1  0.420584  0.0166057  25.3277
  2  3.31142  0.290361  11.4045
  3  3.76424  0.261013  14.4217
  4  -14.3324  1.25397  -11.4296
  5  0  0  0
  6  0  0  0
  7  0  0  0
  8  0.0787165  0.0049028  16.0554
  9  3.84951  0.198263  19.4162
  10  0.017739  0.00291  6.09588
  11  0.0387804  0.00301584  12.8589
  12  0  0  0
  13  0.0293545  0.0123749  2.37209
  14  0.00580906  0.0250766  0.231653
  15  -0.56687  0.0448749  -12.6322
  16  -0.140848  0.0236095  -5.96576
  17  0.0754148  0.0216528  3.48292
  18  -0.0614196  0.0169293  -3.628
  19  0.0474514  0.0115554  4.10643
  20  0.392028  0.0356604  10.9934
  21  -0.0918587  0.0161765  -5.67852
gamma: 2.45218 -0.142295 2.2462 -0.452031 0.231119 10.5595 7.93329 6.13069 -0.232592 -0.0595558 2.25595 -1.87345 3.27989 0.968815 0.0230962 -0.98469 -0.358584 -0.383797 -0.0882884 0.503294 1.25507 -0.00618787
Omega: row sd (per firm) 7.07358 1.82284 31.8736 28.652 137.651 0 0 0 0.538193 21.7638 0.319438 0.331056 0 1.35843 2.75272 4.92603 2.59167 2.37688 1.85837 1.26846 3.91453 1.77574
Omega as correlation matrix (rows/cols 0..21):
  0:  1.000 -0.783 -0.868 -0.928  0.844  0.000  0.000  0.000 -0.863 -0.939  0.064 -0.623  0.000  0.003  0.093  0.614  0.296  0.304  0.153  0.001  0.058  0.092
  1: -0.783  1.000  0.653  0.690 -0.592  0.000  0.000  0.000  0.746  0.735  0.241  0.533  0.000  0.109  0.074 -0.479 -0.276 -0.231 -0.042  0.082  0.249  0.031
  2: -0.868  0.653  1.000  0.978 -0.922  0.000  0.000  0.000  0.738  0.776 -0.039  0.552  0.000 -0.003 -0.155 -0.617 -0.296 -0.276 -0.177 -0.014 -0.079 -0.125
  3: -0.928  0.690  0.978  1.000 -0.955  0.000  0.000  0.000  0.777  0.840 -0.050  0.586  0.000 -0.003 -0.141 -0.644 -0.252 -0.277 -0.179 -0.007 -0.066 -0.125
  4:  0.844 -0.592 -0.922 -0.955  1.000  0.000  0.000  0.000 -0.675 -0.758  0.039 -0.539  0.000  0.002  0.139  0.619  0.191  0.207  0.156  0.003  0.054  0.132
  5:  0.000  0.000  0.000  0.000  0.000  0.000  0.000  0.000  0.000  0.000  0.000  0.000  0.000  0.000  0.000  0.000  0.000  0.000  0.000  0.000  0.000  0.000
  6:  0.000  0.000  0.000  0.000  0.000  0.000  0.000  0.000  0.000  0.000  0.000  0.000  0.000  0.000  0.000  0.000  0.000  0.000  0.000  0.000  0.000  0.000
  7:  0.000  0.000  0.000  0.000  0.000  0.000  0.000  0.000  0.000  0.000  0.000  0.000  0.000  0.000  0.000  0.000  0.000  0.000  0.000  0.000  0.000  0.000
  8: -0.863  0.746  0.738  0.777 -0.675  0.000  0.000  0.000  1.000  0.818 -0.056  0.880  0.000  0.008 -0.014 -0.533 -0.342 -0.305 -0.075  0.003 -0.022 -0.008
  9: -0.939  0.735  0.776  0.840 -0.758  0.000  0.000  0.000  0.818  1.000 -0.066  0.599  0.000 -0.003 -0.106 -0.506 -0.237 -0.385 -0.146 -0.001 -0.054 -0.075
  10:  0.064  0.241 -0.039 -0.050  0.039  0.000  0.000  0.000 -0.056 -0.066  1.000 -0.044  0.000  0.101  0.264  0.060  0.031  0.050  0.095  0.069  0.259  0.123
  11: -0.623  0.533  0.552  0.586 -0.539  0.000  0.000  0.000  0.880  0.599 -0.044  1.000  0.000  0.003 -0.003 -0.404 -0.270 -0.258 -0.025 -0.000 -0.012  0.005
  12:  0.000  0.000  0.000  0.000  0.000  0.000  0.000  0.000  0.000  0.000  0.000  0.000  0.000  0.000  0.000  0.000  0.000  0.000  0.000  0.000  0.000  0.000
  13:  0.003  0.109 -0.003 -0.003  0.002  0.000  0.000  0.000  0.008 -0.003  0.101  0.003  0.000  1.000 -0.000  0.002  0.001 -0.001  0.001 -0.001 -0.002  0.001
  14:  0.093  0.074 -0.155 -0.141  0.139  0.000  0.000  0.000 -0.014 -0.106  0.264 -0.003  0.000 -0.000  1.000  0.000  0.000 -0.000  0.000 -0.000 -0.000  0.000
  15:  0.614 -0.479 -0.617 -0.644  0.619  0.000  0.000  0.000 -0.533 -0.506  0.060 -0.404  0.000  0.002  0.000  1.000 -0.006  0.004 -0.004  0.004  0.012 -0.006
  16:  0.296 -0.276 -0.296 -0.252  0.191  0.000  0.000  0.000 -0.342 -0.237  0.031 -0.270  0.000  0.001  0.000 -0.006  1.000  0.002 -0.002  0.002  0.005 -0.003
  17:  0.304 -0.231 -0.276 -0.277  0.207  0.000  0.000  0.000 -0.305 -0.385  0.050 -0.258  0.000 -0.001 -0.000  0.004  0.002  1.000  0.001 -0.001 -0.003  0.002
  18:  0.153 -0.042 -0.177 -0.179  0.156  0.000  0.000  0.000 -0.075 -0.146  0.095 -0.025  0.000  0.001  0.000 -0.004 -0.002  0.001  1.000  0.001  0.003 -0.002
  19:  0.001  0.082 -0.014 -0.007  0.003  0.000  0.000  0.000  0.003 -0.001  0.069 -0.000  0.000 -0.001 -0.000  0.004  0.002 -0.001  0.001  1.000 -0.004  0.002
  20:  0.058  0.249 -0.079 -0.066  0.054  0.000  0.000  0.000 -0.022 -0.054  0.259 -0.012  0.000 -0.002 -0.000  0.012  0.005 -0.003  0.003 -0.004  1.000  0.005
  21:  0.092  0.031 -0.125 -0.125  0.132  0.000  0.000  0.000 -0.008 -0.075  0.123  0.005  0.000  0.001  0.000 -0.006 -0.003  0.002 -0.002  0.002  0.005  1.000
eigen k  w_k           kept  contrib_to_Lhat  loading_on_last_row  top_row(|loading|)
  17  20905.1  yes   0.00578431  -0.00161109  4(0.95144)
  16  280.36  yes   0.00745045  -0.00297919  9(0.700257)
  15  126.103  yes   0.00433598  -0.00586879  2(0.713342)
  14  17.1867  yes   0.00667352  -0.0402678  15(0.789415)
  13  15.2167  yes   0.00237313  -0.019143  20(0.897166)
  12  8.53963  yes   0.00153839  0.0635521  3(0.679853)
  11  7.52256  yes   6.88602e-07  -0.007966  14(0.891359)
  10  6.34549  yes   0.00206352  -0.0567014  16(0.743285)
  9  3.99551  yes   0.00264309  0.157003  17(0.701604)
  8  3.21854  yes   0.00109583  0.832275  21(0.832275)
  7  2.64329  yes   0.000215699  0.491409  18(0.593314)
  6  1.91705  yes   0.000722549  -0.0998403  13(0.939203)
  5  1.64352  yes   0.00069981  -0.0462667  19(0.952669)
  4  1.20149  yes   0.00036136  -0.0772326  0(0.731679)
  3  0.550793  yes   0.0080061  -0.114939  1(0.80496)
  2  0.121346  yes   1.82833e-05  -0.0129148  8(0.696946)
  1  0.0694962  yes   1.81907e-06  0.0188741  10(0.974118)
  0  0.00619683  yes   0.00204916  -0.00516855  8(0.705957)
interior firms: 12050
  tilted eps    : mean of firm means 0.420584; mean of firm E[eps^2] 3.86143 (=> tilted var(eps) 3.68454)
  tilted u      : mean of firm means 0.590931, sd across firms 1.76954
  tilted u quantiles (firm means): p10 0.0163385 p25 0.02726 p50 0.0482421 p75 0.202831 p90 1.2043 p99 10.2514 max 16.7451 | share of firms with mean u < 0.01: 0.0448133, < 0.05: 0.513859
  share of draws beyond the kink (mean over firms) 0.120187; firms with >50% of draws beyond: 0.120332
  TAIL: exposed to beyond-kink tail 0.219917; exposed with a_i>0 (improper tilt) 0.171452 | max kept u per firm: p50 0.305876 p99 11.3052 max 16.7451 | firms with a kept u > 8: 494, > 12: 68 | mean share of kept draws with u > 8: 0.0258046
  tilted x=e/Mb : mean 0.133029, sd 0.354919
  tilted ln B   : mean -1.72238, sd 4.39285
  omega at M=M* : mean 3.48788, sd 0.835149
  tilted omega  : mean 3.10283, sd across firms 1.32843, mean within-firm sd 0.118876
  cor with ln tau_P: omega(M*) -0.0776494, tilted omega 0.0696004, tilted ln B 0.110243, tilted u -0.131366
  var(ln tau_P) 0.497772
