==== grid_estimator (moment set C) ====
  input_csv  = ../Products/1585-stage2-input-designA-interior-trim0.005.csv
  output_csv = /dev/null
  lambda     = [1e-09, 0.0001], n=10 (log-spaced)
  delta1     = [-4, 2], n=10
  delta2     = [-1, 1], n=10
  n_burn=1000 n_keep=10000 n_threads=4 base_seed=20260830
  shard: 0 / 1
========================================
industries (interior, jidx order): 313 321 322 324 331 342 351 352 369
Loaded 12050 firm-periods (0 corner) from ../Products/1585-stage2-input-designA-interior-trim0.005.csv
cut=ak: Omega/n, keep eigenvalues > 0, dropped rows removed before eigen (AK2020 objMCcu)
drop_rows mask = 4320 (5,6,7,12)
KINK_S: k fixed at 0.75, share s estimated (start 0.3), row [11] = eps * score(kappa)
Detection: qform=power_kink, q = (e/(kappa*Mbar))^k up to the FOC ceiling, flat beyond; 'lambda' below is kappa, k estimated; share beyond the kink fixed at 0.3
Moment set A row [6] = eps*psi
Moment set A + row [9] psi*ltau_bar (TAU_ROW build, D_G_A=22)
Lhat (recomputed) = 0.0741653   TS = 2 n Lhat = 1787.38   n = 12050
row  mean          se            t
  0  -3.27684  0.105116  -31.1736
  1  0.941437  0.0241482  38.9858
  2  12.5684  0.530561  23.6888
  3  12.2862  0.473584  25.9429
  4  -52.0412  2.52236  -20.6319
  5  0  0  0
  6  0  0  0
  7  0  0  0
  8  0.224678  0.00776465  28.936
  9  9.46745  0.309697  30.5701
  10  0.021466  0.00293453  7.31495
  11  0.102973  0.0047016  21.9016
  12  0  0  0
  13  0.0291896  0.0123833  2.35717
  14  -0.131072  0.0324427  -4.0401
  15  -1.76244  0.0738109  -23.8778
  16  -0.397798  0.0355103  -11.2024
  17  -0.184199  0.0330989  -5.56511
  18  -0.187592  0.0293793  -6.38519
  19  0.0473411  0.0115734  4.09051
  20  0.324277  0.0384784  8.4275
  21  -0.12827  0.0190482  -6.73396
gamma: 2.45218 -0.142295 2.2462 -0.452031 0.231119 10.5595 7.93329 6.13069 -0.232592 -0.0595558 2.25595 -1.87345 3.27989 0.968815 0.0230962 -0.98469 -0.358584 -0.383797 -0.0882884 0.503294 1.25507 -0.00618787
Omega: row sd (per firm) 11.5388 2.65081 58.2411 51.9865 276.886 0 0 0 0.852345 33.9962 0.322131 0.516106 0 1.35935 3.56132 8.10241 3.89805 3.63334 3.22504 1.27044 4.22387 2.09097
Omega as correlation matrix (rows/cols 0..21):
  0:  1.000 -0.827 -0.916 -0.947  0.845  0.000  0.000  0.000 -0.869 -0.942  0.109 -0.622  0.000  0.006  0.184  0.672  0.273  0.309  0.241  0.007  0.102  0.104
  1: -0.827  1.000  0.719  0.741 -0.625  0.000  0.000  0.000  0.784  0.782  0.197  0.569  0.000  0.071 -0.060 -0.606 -0.287 -0.284 -0.138  0.049  0.101 -0.017
  2: -0.916  0.719  1.000  0.989 -0.957  0.000  0.000  0.000  0.742  0.837 -0.083  0.524  0.000 -0.005 -0.207 -0.673 -0.263 -0.290 -0.295 -0.013 -0.111 -0.115
  3: -0.947  0.741  0.989  1.000 -0.960  0.000  0.000  0.000  0.769  0.867 -0.091  0.553  0.000 -0.005 -0.209 -0.685 -0.230 -0.281 -0.297 -0.010 -0.106 -0.120
  4:  0.845 -0.625 -0.957 -0.960  1.000  0.000  0.000  0.000 -0.643 -0.766  0.072 -0.468  0.000  0.004  0.194  0.635  0.183  0.241  0.323  0.006  0.092  0.114
  5:  0.000  0.000  0.000  0.000  0.000  0.000  0.000  0.000  0.000  0.000  0.000  0.000  0.000  0.000  0.000  0.000  0.000  0.000  0.000  0.000  0.000  0.000
  6:  0.000  0.000  0.000  0.000  0.000  0.000  0.000  0.000  0.000  0.000  0.000  0.000  0.000  0.000  0.000  0.000  0.000  0.000  0.000  0.000  0.000  0.000
  7:  0.000  0.000  0.000  0.000  0.000  0.000  0.000  0.000  0.000  0.000  0.000  0.000  0.000  0.000  0.000  0.000  0.000  0.000  0.000  0.000  0.000  0.000
  8: -0.869  0.784  0.742  0.769 -0.643  0.000  0.000  0.000  1.000  0.832 -0.102  0.882  0.000  0.002 -0.065 -0.600 -0.337 -0.325 -0.122 -0.005 -0.044 -0.019
  9: -0.942  0.782  0.837  0.867 -0.766  0.000  0.000  0.000  0.832  1.000 -0.107  0.610  0.000 -0.006 -0.180 -0.578 -0.224 -0.388 -0.210 -0.007 -0.101 -0.112
  10:  0.109  0.197 -0.083 -0.091  0.072  0.000  0.000  0.000 -0.102 -0.107  1.000 -0.077  0.000  0.101  0.216  0.027  0.039  0.033  0.069  0.068  0.243  0.111
  11: -0.622  0.569  0.524  0.553 -0.468  0.000  0.000  0.000  0.882  0.610 -0.077  1.000  0.000 -0.001 -0.017 -0.448 -0.258 -0.277 -0.041 -0.005 -0.020  0.004
  12:  0.000  0.000  0.000  0.000  0.000  0.000  0.000  0.000  0.000  0.000  0.000  0.000  0.000  0.000  0.000  0.000  0.000  0.000  0.000  0.000  0.000  0.000
  13:  0.006  0.071 -0.005 -0.005  0.004  0.000  0.000  0.000  0.002 -0.006  0.101 -0.001  0.000  1.000  0.001  0.005  0.002  0.001  0.001 -0.001 -0.002  0.001
  14:  0.184 -0.060 -0.207 -0.209  0.194  0.000  0.000  0.000 -0.065 -0.180  0.216 -0.017  0.000  0.001  1.000 -0.008 -0.004 -0.002 -0.002  0.001  0.003 -0.002
  15:  0.672 -0.606 -0.673 -0.685  0.635  0.000  0.000  0.000 -0.600 -0.578  0.027 -0.448  0.000  0.005 -0.008  1.000 -0.022 -0.011 -0.013  0.008  0.017 -0.013
  16:  0.273 -0.287 -0.263 -0.230  0.183  0.000  0.000  0.000 -0.337 -0.224  0.039 -0.258  0.000  0.002 -0.004 -0.022  1.000 -0.005 -0.006  0.004  0.008 -0.006
  17:  0.309 -0.284 -0.290 -0.281  0.241  0.000  0.000  0.000 -0.325 -0.388  0.033 -0.277  0.000  0.001 -0.002 -0.011 -0.005  1.000 -0.003  0.002  0.004 -0.003
  18:  0.241 -0.138 -0.295 -0.297  0.323  0.000  0.000  0.000 -0.122 -0.210  0.069 -0.041  0.000  0.001 -0.002 -0.013 -0.006 -0.003  1.000  0.002  0.004 -0.004
  19:  0.007  0.049 -0.013 -0.010  0.006  0.000  0.000  0.000 -0.005 -0.007  0.068 -0.005  0.000 -0.001  0.001  0.008  0.004  0.002  0.002  1.000 -0.003  0.002
  20:  0.102  0.101 -0.111 -0.106  0.092  0.000  0.000  0.000 -0.044 -0.101  0.243 -0.020  0.000 -0.002  0.003  0.017  0.008  0.004  0.004 -0.003  1.000  0.005
  21:  0.104 -0.017 -0.115 -0.120  0.114  0.000  0.000  0.000 -0.019 -0.112  0.111  0.004  0.000  0.001 -0.002 -0.013 -0.006 -0.003 -0.004  0.002  0.005  1.000
eigen k  w_k           kept  contrib_to_Lhat  loading_on_last_row  top_row(|loading|)
  17  83122.8  yes   0.0185767  -0.000833609  4(0.960063)
  16  768.493  yes   0.0209962  -0.00234079  9(0.703968)
  15  169.712  yes   0.00157898  -0.00324293  2(0.682172)
  14  42.9371  yes   0.00557146  -0.0284188  15(0.824564)
  13  24.9391  yes   0.000986814  0.0339825  3(0.685991)
  12  17.9587  yes   0.00635048  0.00107196  20(0.972266)
  11  14.3367  yes   0.00205827  0.0155508  16(0.818725)
  10  12.3664  yes   1.95339e-05  0.00831519  14(0.846701)
  9  10.1329  yes   9.09061e-05  -0.0172784  18(0.761893)
  8  5.51734  yes   0.000122457  0.650212  21(0.650212)
  7  3.34579  yes   0.00187105  0.751029  21(0.751029)
  6  2.44015  yes   0.00445741  0.0626798  0(0.595818)
  5  1.90731  yes   0.00132712  -0.0268231  13(0.847273)
  4  1.65376  yes   0.00192711  0.0205384  19(0.901114)
  3  1.26003  yes   0.00734612  0.0689309  1(0.725941)
  2  0.266247  yes   0.000102481  -0.021524  11(0.718752)
  1  0.0647723  yes   1.70118e-06  -0.0159453  10(0.987616)
  0  0.0134664  yes   0.00078048  0.00712859  8(0.721208)
interior firms: 12050
  tilted eps    : mean of firm means 0.941437; mean of firm E[eps^2] 9.98389 (=> tilted var(eps) 9.09759)
  tilted u      : mean of firm means 1.11178, sd across firms 2.58873
  tilted u quantiles (firm means): p10 0.0179053 p25 0.0282782 p50 0.0509807 p75 0.447033 p90 4.79068 p99 11.2699 max 16.7451 | share of firms with mean u < 0.01: 0.0313693, < 0.05: 0.495021
  share of draws beyond the kink (mean over firms) 0.123914; firms with >50% of draws beyond: 0.124066
  TAIL: exposed to beyond-kink tail 0.219917; exposed with a_i>0 (improper tilt) 0.171452 | max kept u per firm: p50 0.492218 p99 13.3404 max 19.1356 | firms with a kept u > 8: 2052, > 12: 369 | mean share of kept draws with u > 8: 0.0755759
  tilted x=e/Mb : mean 0.14235, sd 0.367748
  tilted ln B   : mean -1.78127, sd 4.42729
  omega at M=M* : mean 3.48788, sd 0.835149
  tilted omega  : mean 2.76243, sd across firms 1.76134, mean within-firm sd 0.361454
  cor with ln tau_P: omega(M*) -0.0776494, tilted omega 0.0904867, tilted ln B 0.107395, tilted u -0.127779
  var(ln tau_P) 0.497772
