==== grid_estimator (moment set C) ====
  input_csv  = ../Products/1585-stage2-input-designA-interior-trim0.005.csv
  output_csv = /dev/null
  lambda     = [1e-09, 0.0001], n=10 (log-spaced)
  delta1     = [-4, 2], n=10
  delta2     = [-1, 1], n=10
  n_burn=1000 n_keep=10000 n_threads=4 base_seed=20260830
  shard: 0 / 1
========================================
industries (interior, jidx order): 313 321 322 324 331 342 351 352 369
Loaded 12050 firm-periods (0 corner) from ../Products/1585-stage2-input-designA-interior-trim0.005.csv
cut=ak: Omega/n, keep eigenvalues > 0, dropped rows removed before eigen (AK2020 objMCcu)
drop_rows mask = 4320 (5,6,7,12)
KINK_S: k fixed at 0.5, share s estimated (start 0.3), row [11] = eps * score(kappa)
Detection: qform=power_kink, q = (e/(kappa*Mbar))^k up to the FOC ceiling, flat beyond; 'lambda' below is kappa, k estimated; share beyond the kink fixed at 0.3
Moment set A row [6] = eps*psi
Moment set A + row [9] psi*ltau_bar (TAU_ROW build, D_G_A=22)
Lhat (recomputed) = 0.011871   TS = 2 n Lhat = 286.09   n = 12050
row  mean          se            t
  0  -0.239349  0.0253813  -9.43013
  1  0.148711  0.00988676  15.0414
  2  0.505204  0.0990677  5.09958
  3  0.579399  0.0722098  8.02382
  4  -1.62245  0.247511  -6.55506
  5  0  0  0
  6  0  0  0
  7  0  0  0
  8  0.0393364  0.00405626  9.69771
  9  1.45827  0.136432  10.6886
  10  0.00278581  0.00324436  0.85866
  11  0.0338383  0.00368238  9.18925
  12  0  0  0
  13  0.00185688  0.00444277  0.417956
  14  -0.0110093  0.0132195  -0.832809
  15  -0.0635404  0.0239431  -2.65381
  16  -0.049248  0.0136289  -3.61351
  17  -0.305786  0.0263956  -11.5847
  18  -0.0108015  0.0104503  -1.0336
  19  0.00835514  0.00569216  1.46783
  20  0.0010719  0.0113552  0.0943976
  21  0.0110757  0.00904007  1.22518
gamma: 1.4929 -1.84654 0.0608897 0.147656 0.0877458 -0.650511 0.385848 3.39768 0.849797 0.215108 -0.0308729 0.745611 -17.3185 0.105748 -0.112963 -0.348584 -0.649766 -1.58335 -0.511755 -0.0922109 -0.715611 0.0735386
Omega: row sd (per firm) 2.78617 1.08529 10.8749 7.92665 27.1699 0 0 0 0.445265 14.9764 0.356142 0.404224 0 0.487694 1.45114 2.62829 1.49607 2.89752 1.14716 0.624843 1.24649 0.992351
Omega as correlation matrix (rows/cols 0..21):
  0:  1.000 -0.594 -0.455 -0.793  0.874  0.000  0.000  0.000 -0.890 -0.930  0.037 -0.859  0.000 -0.016 -0.071  0.020  0.004  0.620 -0.031 -0.043 -0.024 -0.111
  1: -0.594  1.000  0.338  0.513 -0.490  0.000  0.000  0.000  0.673  0.548  0.048  0.602  0.000  0.055  0.154 -0.023 -0.195 -0.756  0.123  0.070  0.116  0.134
  2: -0.455  0.338  1.000  0.873 -0.579  0.000  0.000  0.000  0.540  0.367 -0.050  0.513  0.000 -0.029 -0.145  0.046  0.013 -0.508 -0.062 -0.055 -0.084 -0.154
  3: -0.793  0.513  0.873  1.000 -0.814  0.000  0.000  0.000  0.791  0.726 -0.057  0.748  0.000 -0.011 -0.046  0.031  0.009 -0.620 -0.023  0.003 -0.037 -0.014
  4:  0.874 -0.490 -0.579 -0.814  1.000  0.000  0.000  0.000 -0.710 -0.746  0.012 -0.667  0.000 -0.009 -0.033  0.030  0.005  0.644 -0.019 -0.016 -0.005 -0.019
  5:  0.000  0.000  0.000  0.000  0.000  0.000  0.000  0.000  0.000  0.000  0.000  0.000  0.000  0.000  0.000  0.000  0.000  0.000  0.000  0.000  0.000  0.000
  6:  0.000  0.000  0.000  0.000  0.000  0.000  0.000  0.000  0.000  0.000  0.000  0.000  0.000  0.000  0.000  0.000  0.000  0.000  0.000  0.000  0.000  0.000
  7:  0.000  0.000  0.000  0.000  0.000  0.000  0.000  0.000  0.000  0.000  0.000  0.000  0.000  0.000  0.000  0.000  0.000  0.000  0.000  0.000  0.000  0.000
  8: -0.890  0.673  0.540  0.791 -0.710  0.000  0.000  0.000  1.000  0.842 -0.075  0.958  0.000  0.063  0.135  0.117  0.034 -0.564  0.116  0.068  0.101  0.141
  9: -0.930  0.548  0.367  0.726 -0.746  0.000  0.000  0.000  0.842  1.000 -0.047  0.823  0.000  0.015  0.032 -0.007 -0.000 -0.518  0.014  0.059 -0.002  0.154
  10:  0.037  0.048 -0.050 -0.057  0.012  0.000  0.000  0.000 -0.075 -0.047  1.000 -0.063  0.000  0.011  0.027 -0.127 -0.058 -0.080 -0.019 -0.012 -0.004  0.030
  11: -0.859  0.602  0.513  0.748 -0.667  0.000  0.000  0.000  0.958  0.823 -0.063  1.000  0.000  0.045  0.068  0.059  0.018 -0.545  0.054  0.037  0.043  0.103
  12:  0.000  0.000  0.000  0.000  0.000  0.000  0.000  0.000  0.000  0.000  0.000  0.000  0.000  0.000  0.000  0.000  0.000  0.000  0.000  0.000  0.000  0.000
  13: -0.016  0.055 -0.029 -0.011 -0.009  0.000  0.000  0.000  0.063  0.015  0.011  0.045  0.000  1.000  0.000  0.000  0.000  0.000  0.000 -0.000 -0.000 -0.000
  14: -0.071  0.154 -0.145 -0.046 -0.033  0.000  0.000  0.000  0.135  0.032  0.027  0.068  0.000  0.000  1.000 -0.000 -0.000 -0.001 -0.000  0.000  0.000  0.000
  15:  0.020 -0.023  0.046  0.031  0.030  0.000  0.000  0.000  0.117 -0.007 -0.127  0.059  0.000  0.000 -0.000  1.000 -0.001 -0.003 -0.000  0.000  0.000  0.000
  16:  0.004 -0.195  0.013  0.009  0.005  0.000  0.000  0.000  0.034 -0.000 -0.058  0.018  0.000  0.000 -0.000 -0.001  1.000 -0.003 -0.000  0.000  0.000  0.000
  17:  0.620 -0.756 -0.508 -0.620  0.644  0.000  0.000  0.000 -0.564 -0.518 -0.080 -0.545  0.000  0.000 -0.001 -0.003 -0.003  1.000 -0.001  0.001  0.000  0.001
  18: -0.031  0.123 -0.062 -0.023 -0.019  0.000  0.000  0.000  0.116  0.014 -0.019  0.054  0.000  0.000 -0.000 -0.000 -0.000 -0.001  1.000  0.000  0.000  0.000
  19: -0.043  0.070 -0.055  0.003 -0.016  0.000  0.000  0.000  0.068  0.059 -0.012  0.037  0.000 -0.000  0.000  0.000  0.000  0.001  0.000  1.000 -0.000 -0.000
  20: -0.024  0.116 -0.084 -0.037 -0.005  0.000  0.000  0.000  0.101 -0.002 -0.004  0.043  0.000 -0.000  0.000  0.000  0.000  0.000  0.000 -0.000  1.000 -0.000
  21: -0.111  0.134 -0.154 -0.014 -0.019  0.000  0.000  0.000  0.141  0.154  0.030  0.103  0.000 -0.000  0.000  0.000  0.000  0.001  0.000 -0.000 -0.000  1.000
eigen k  w_k           kept  contrib_to_Lhat  loading_on_last_row  top_row(|loading|)
  17  977.683  yes   0.00258626  -0.000996288  4(0.85751)
  16  102.424  yes   0.000739855  0.026709  2(0.697709)
  15  73.6258  yes   0.00189584  0.00250853  9(0.585565)
  14  6.8538  yes   0.000352391  0.00533006  15(0.998513)
  13  5.0398  yes   0.00353934  -0.00767425  17(0.947944)
  12  2.3747  yes   1.9977e-06  0.0617079  14(0.691)
  11  2.27772  yes   0.000611438  0.015786  16(0.949413)
  10  1.76002  yes   3.78879e-08  0.149045  14(0.616638)
  9  1.45994  yes   1.41379e-05  0.181068  20(0.816113)
  8  1.31059  yes   1.85381e-05  0.129643  18(0.944744)
  7  0.872253  yes   1.84606e-06  0.948944  21(0.948944)
  6  0.427168  yes   1.58771e-06  -0.023321  0(0.906426)
  5  0.395904  yes   0.000303584  -0.00597592  19(0.947988)
  4  0.273615  yes   0.00112687  0.119241  1(0.683193)
  3  0.219902  yes   0.000595464  -0.0828001  13(0.823215)
  2  0.120234  yes   6.25905e-07  0.0202651  10(0.997472)
  1  0.0313467  yes   6.96349e-05  -0.0218609  11(0.83576)
  0  0.00246883  yes   1.15216e-05  0.0170379  8(0.852894)
interior firms: 12050
  tilted eps    : mean of firm means 0.148711; mean of firm E[eps^2] 1.542 (=> tilted var(eps) 1.51988)
  tilted u      : mean of firm means 0.319059, sd across firms 1.02031
  tilted u quantiles (firm means): p10 0.0674744 p25 0.0922476 p50 0.137269 p75 0.232818 p90 0.439052 p99 6.57365 max 16.7451 | share of firms with mean u < 0.01: 0, < 0.05: 0.0387552
  share of draws beyond the kink (mean over firms) 0.19747; firms with >50% of draws beyond: 0.194274
  TAIL: exposed to beyond-kink tail 0.45527; exposed with a_i>0 (improper tilt) 0.428216 | max kept u per firm: p50 1.58138 p99 10.9169 max 18.4913 | firms with a kept u > 8: 302, > 12: 77 | mean share of kept draws with u > 8: 0.0110123
  tilted x=e/Mb : mean 0.0969684, sd 0.192625
  tilted ln B   : mean -2.9442, sd 4.83953
  omega at M=M* : mean 3.48788, sd 0.835149
  tilted omega  : mean 3.27483, sd across firms 0.97621, mean within-firm sd 0.159115
  cor with ln tau_P: omega(M*) -0.0776494, tilted omega 0.148381, tilted ln B 0.136105, tilted u -0.30021
  var(ln tau_P) 0.497772
